1.10426
1.51941
1.3731
0.745884
1.11719
1.67252
0.309918
1.06432
1.38905
1.35638
1.22959
1.47602
0.724204
1.51634
0.709121
1.24423
0.512681
0.525772
1.38417
0.969772
1.40918
0.835325
1.48062
0.356877
1.02151
0.884849
1.1909
0.994193
0.991064
1.53172
0.953183
0.704323
1.49779
1.46164
1.88803
0.539517
0.864289
1.4371
1.25359
0.684712
1.00522
0.46554
0.725375
0.835459
1.03293
1.70365
1.44532
1.46689
0.372519
0.845137
0.365578
0.417293
0.736696
1.17781
0.498435
1.53905
0.831681
0.77354
0.647274
1.43276
1.54552
0.704298
1.39207
0.706718
0.740641
1.42513
0.325788
0.948519
0.777966
1.42471
0.724274
0.592565
0.930049
0.568518
1.3578
1.01684
0.254372
0.436403
0.388167
1.23846
0.801824
1.74062
0.866894
1.58851
1.11099
0.977218
1.41796
1.21809
1.58411
1.26403
1.39119
1.94156
1.14059
1.05186
0.517462
1.45328
1.16979
1.58491
1.50726
0.760808
1.41102
0.528517
1.20237
1.34973
1.11619
1.7559
0.683143
1.43971
0.661555
0.830392
1.32123
1.27418
0.576677
1.15272
1.24684
0.00147404
1.50069
0.736901
1.36306
1.04168
1.53763
0.176286
1.39358
0.427399
0.469884
1.8997
0.659068
0.976204
1.56073
0.704616
0.205284
1.17506
1.06378
0.534599
0.77789
0.986086
1.24511
0.335237
0.854128
1.49078
1.44918
1.30295
0.654657
0.545786
0.817271
1.28869
1.1419
1.03266
0.304733
1.34555
1.3701
1.055
0.66388
0.898858
0.948931
0.629069
0.839884
0.863727
0.357556
0.623664
1.34802
1.24254
1.66552
1.40086
0.781994
1.1785
1.00747
1.1369
1.01392
1.06452
0.844189
0.917189
1.46398
1.2367
1.09071
1.14978
0.839185
0.867699
1.14446
1.33413
1.68721
1.03337
0.175433
0.575608
1.06638
1.52967
0.442767
1.10327
0.610873
0.605557
1.01263
1.36837
0.81895
1.18784
0.996271
0.113145
1.29684
0.275964
0.230909
1.02079
0.528407
0.97715
0.596801
1.11962
1.27341
1.01234
1.04436
0.544051
0.885548
0.867202
1.31513
1.2156
0.158095
1.16163
0.965444
0.733544
1.50689
1.19503
1.23327
0.675864
1.71096
1.0052
1.14671
0.929124
0.326133
0.66065
0.182054
1.03127
0.769921
1.21152
1.09698
0.109988
1.26368
1.18419
1.12877
1.24921
1.35357
0.793138
0.452239
1.21522
0.988076
0.458493
0.818939
0.903862
0.709632
1.0741
1.10523
0.93197
1.31542
0.550276
0.960807
0.8373
1.41997
0.796798
1.1892
0.376721
1.31225
1.21981
0.194184
0.686421
0.622892
1.21014
0.751118
1.29032
1.63013
1.53639
1.3243
0.967686
0.994577
0.642133
0.504664
0.762146
0.321355
1.32946
1.53246
0.955315
0.646484
0.540768
1.02822
0.494572
0.930808
0.612016
1.09751
1.7419
0.777157
0.411295
0.802126
1.66017
1.05588
1.43385
0.0867612
0.92038
0.581035
1.14967
0.293556
1.40615
0.756409
1.08994
0.433252
0.905595
1.83843
0.478762
0.555411
1.34476
1.15247
0.768606
0.834199
1.95423
1.71804
0.459996
1.63712
1.39999
1.50618
1.11434
1.10447
0.976748
0.384688
0.206558
0.541178
1.41836
1.19143
1.43564
0.214783
1.01686
0.207001
1.14277
0.96613
0.193652
1.45347
0.79102
1.51531
1.36014
1.33723
1.52087
1.24317
0.652236
1.55048
0.804678
1.36561
0.646169
1.2787
1.06671
1.0302
0.653492
0.76302
0.57368
0.355702
0.352323
0.934798
1.20828
1.70728
0.99983
1.34712
0.894387
1.19023
0.810846
0.885642
1.23386
1.17366
1.01097
1.70325
1.50267
0.757683
1.04321
0.902937
0.940752
1.13412
1.23136
0.62977
1.11895
0.54423
0.86604
0.785842
1.05469
0.669268
0.628789
0.687768
1.08882
1.35645
1.17231
0.321784
0.206974
0.84871
1.30784
1.06354
0.36847
1.71207
1.82071
0.940843
0.603846
1.32548
1.13882
1.45636
1.20107
1.46554
0.999901
1.62993
0.527633
1.46205
0.952031
1.58917
0.449233
0.577825
0.771121
1.37566
1.64755
1.53173
1.36488
0.490555
1.0702
0.198561
0.620943
0.946607
1.36685
1.30997
1.27109
1.65349
0.502384
0.982503
0.950392
1.6736
0.446317
0.19034
1.38065
1.20157
1.03155
0.325789
0.914798
1.02594
0.80108
0.98245
0.57826
1.6656
1.10081
1.66881
1.16763
0.489386
1.28555
1.44393
0.735036
0.723807
0.838486
0.958382
1.16906
0.746392
0.926418
0.898486
0.608589
1.12465
0.75901
0.506743
0.532689
1.42183
0.806411
0.849569
0.736172
1.23375
1.07394
0.838366
0.123893
0.768632
1.25408
1.13259
0.538721
1.52353
0.832099
1.57228
0.456268
1.04078
1.61248
0.235602
1.49869
1.23988
1.00095
1.11615
1.4908
0.99859
1.42754
1.49458
1.37347
0.884405
0.987576
1.31156
1.19463
1.06899
1.25238
1.29546
1.06214
1.748
0.906122
1.53815
0.373007
1.0829
0.998955
1.22565
1.51033
1.26284
0.782954
0.676105
1.0833
0.606615
1.20648
1.03226
0.63639
1.02396
0.619044
0.989046
1.58658
0.723935
1.05655
1.33023
0.891753
0.754163
1.19142
1.43021
1.08852
1.07457
0.789483
1.01045
1.21477
0.266136
1.32648
1.16095
0.644852
1.57196
0.664293
1.22259
0.366446
1.37638
1.04991
0.128119
0.548946
1.49886
1.24733
0.508327
0.4612
0.895048
1.29128
0.92121
1.13688
1.62627
1.13129
0.434623
0.606716
1.74891
0.28682
1.19831
0.647496
0.962399
0.37233
1.27483
0.47144
0.663092
1.13665
1.38063
0.932187
1.10575
0.905247
0.716414
0.862498
1.54959
0.728304
0.546341
0.932153
1.17892
1.56153
1.00741
1.28549
0.714252
0.652546
1.62059
1.31061
1.07811
0.701471
1.20066
1.37073
0.933958
0.864013
1.16921
0.734367
0.506955
0.387894
0.953342
0.529864
1.19792
0.881464
0.935563
0.272739
1.75332
0.105783
0.970902
1.02866
0.998409
0.708933
1.79867
0.445418
1.08252
1.5382
1.07259
1.30665
0.450302
0.449388
1.34277
0.535961
1.23601
1.40334
0.955809
1.29826
0.28512
1.19479
1.20265
0.497624
0.586822
1.1284
1.3702
0.444188
0.40002
1.75467
1.79823
1.61115
1.28852
1.33602
1.28397
0.595188
1.39786
0.89604
1.12702
1.12284
1.14762
0.688294
0.771187
0.496579
1.08806
1.12639
1.50737
1.21
0.798871
0.974226
0.964064
0.848169
0.995927
0.786055
0.902571
1.22241
1.25442
1.99909
1.0914
0.995585
1.14356
0.45331
1.08938
1.35572
1.78809
0.701449
0.630795
0.817927
1.01307
0.914007
1.20833
0.889475
1.06467
1.14048
1.10862
1.53876
0.296047
0.964203
0.19556
1.03457
1.29881
0.739617
0.462883
1.00128
0.436069
1.24915
1.40373
1.03478
0.585476
1.54169
0.825942
0.534331
1.36308
1.29802
1.54648
0.97061
0.854603
1.62947
0.616963
0.422518
1.57092
0.915094
1.87502
0.748899
0.891075
1.06477
1.14396
1.48696
1.40495
0.482469
1.60898
0.169583
0.354458
0.866326
1.19193
0.790372
0.414468
1.31556
0.799821
1.82433
0.864841
0.186421
0.274497
0.922325
1.20933
0.0539011
1.77252
1.46062
0.659624
1.75103
1.13197
1.22509
0.504771
0.89339
1.7952
0.306167
1.34502
1.09389
1.57347
1.13144
0.932174
0.617094
1.18582
0.572648
0.941594
1.26602
0.481546
0.639554
0.695608
1.33483
0.198473
1.55049
0.473829
0.663445
0.485018
1.02096
0.639994
0.413317
1.03515
0.54059
1.09793
0.327243
1.07357
1.27389
0.514675
1.10193
1.00284
1.00567
0.356024
0.680522
0.831822
1.73395
1.22808
1.65983
1.61308
1.23224
0.636323
1.04503
1.75815
1.07027
0.566269
1.04524
1.43433
1.1892
1.60454
1.37472
0.244432
1.7405
0.902216
0.893874
1.16281
0.825519
1.44598
0.861757
1.47949
0.9355
1.0663
0.76969
1.43575
1.63435
1.083
1.09816
1.39273
1.10249
1.07093
0.758429
0.63593
1.04254
0.994518
0.975014
1.27397
0.840971
0.919112
1.71598
1.55199
0.859978
0.946505
0.874997
0.683443
0.644612
1.64269
1.68049
0.995896
0.46371
0.959589
0.613585
1.03139
0.618054
0.939898
0.872363
0.967781
1.64011
0.600779
0.670145
1.31148
0.822894
0.278784
1.16262
0.457405
1.0626
0.602519
0.848901
0.592112
0.34906
0.791417
1.88595
0.78909
1.7838
0.877856
0.695166
1.00638
0.812239
0.38999
0.75984
0.429049
1.10193
1.68452
1.21494
0.833895
1.23419
0.838354
1.27069
0.936091
1.52815
1.3984
1.39402
0.451633
0.675534
1.54392
0.888545
1.39455
0.598934
1.96291
0.916574
0.603968
1.4894
0.798917
0.364339
0.478253
1.66488
0.879946
0.407033
1.27851
1.25978
0.929397
1.76694
1.77715
1.46347
1.46995
1.16505
1.00531
1.27936
1.50439
0.845712
1.06131
1.32788
0.723952
0.658104
0.654147
1.34667
1.39773
1.26168
0.787951
0.14601
1.14143
1.03502
1.02475
0.769048
1.83303
1.14244
1.43632
0.942029
0.715143
1.73284
1.93181
1.06714
0.659378
1.54207
1.23019
1.05499
1.3891
1.10163
0.96063
0.907704
1.06911
1.26605
1.57835
1.37632
1.17574
1.0755
0.270204
0.95543
0.998142
1.69325
1.26208
1.41576
0.61531
0.470962
0.300803
1.21067
1.86504
1.2339
1.5424
0.873625
1.19607
1.65495
0.743299
0.755639
1.57393
0.565163
1.1322
0.404822
1.30263
0.764679
1.08261
0.949338
1.74384
1.45594
0.410676
0.859618
0.979451
0.690899
1.5127
0.673306
1.09142
0.834756
0.430353
0.640432
1.07613
0.270279
0.961743
0.920409
0.847792
0.810985
0.654924
1.17693
1.22215
1.06528
1.51863
1.76827
0.594796
1.08537
1.07626
1.20732
0.378595
1.62386
1.2689
0.64103
1.24284
1.33385
0.894927
1.18921
0.827955
1.19456
0.613883
1.77393
0.779452
0.612496
0.796705
0.375789
0.942915
0.245005
0.822178
1.04594
0.677078
1.32169
1.32011
0.501022
1.08147
1.3854
1.26651
0.897929
0.340302
1.24613
1.49659
1.14271
1.71624
0.622
0.919261
1.13017
0.874115
0.870645
0.62075
1.66652
0.91711
0.625743
0.727954
0.864486
1.19776
1.56352
0.621348
1.49058
0.865703
0.490477
1.02744
0.726896
1.42668
0.88034
0.626021
1.22882
0.569683
0.848835
1.18171
1.2176
1.23304
1.68095
1.32867
0.814522
0.792883
1.38707
1.3397
0.979748
0.683838
0.551163
1.21073
1.13333
0.784373
1.1781
0.474975
0.983701
1.78007
0.842387
1.25049
0.835124
1.61122
0.809746
0.622572
1.17401
0.341042
0.89766
1.46591
1.47269
0.81632
1.07041
0.107317
1.45321
0.82792
1.11917
0.465638
1.39746
1.03763
0.860894
1.57283
1.29287
1.11446
0.631584
1.58552
0.111731
0.976035
0.279165
0.8754
0.995812
0.590429
1.00287
0.890515
1.15012
0.847984
0.93973
0.565772
0.997846
0.557822
0.765896
1.90251
1.47255
1.21496
0.1984
0.537736
1.32802
0.76413
0.374953
1.53831
0.774405
0.490839
0.877002
0.125507
0.604542
0.867493
0.735242
1.15596
1.23949
1.40956
1.72776
1.3111
1.11661
0.9009
0.159323
0.885323
0.949238
0.86604
1.59628
0.988249
1.17024
0.818675
0.45687
1.37235
0.541517
1.06836
1.55743
1.69305
0.8991
0.687386
0.914888
1.16137
0.98329
1.01061
1.07429
0.721049
0.863534
1.91328
0.656444
1.20083
1.50318
1.14355
1.32634
1.34324
0.928615
0.237157
1.57973
1.16021
0.49089
0.340223
0.145346
1.41714
0.668383
1.51872
1.58497
0.641062
0.648398
0.495213
1.79332
0.408769
0.686334
1.23444
0.886373
1.79895
0.249124
1.33536
1.05258
0.720745
0.554086
0.530719
1.08277
0.931441
1.04334
0.967539
0.387326
1.23425
0.582741
0.374316
1.70199
1.34445
0.511373
1.20711
0.728695
1.40462
1.1969
1.48213
0.934797
0.949207
0.6874
1.27407
0.871544
0.887577
0.434472
0.170477
0.958776
0.625758
1.06505
0.638173
0.561765
0.394813
0.657353
1.80257
1.59404
0.534652
0.827355
0.89771
0.193081
0.164652
0.419889
1.70489
0.659419
0.679768
1.3549
0.807163
0.240846
1.11846
0.898807
0.939758
0.694391
1.5071
1.81878
0.681613
0.715663
1.12803
1.70573
0.80498
1.59898
0.850358
0.634077
0.62799
0.838622
0.748557
1.35406
1.70874
0.867339
0.925972
1.04827
1.1619
0.853597
1.7089
1.02975
0.865517
1.22839
1.2113
0.201143
1.1933
0.761788
0.68773
1.30244
1.48954
1.34952
0.797366
0.773096
1.37601
0.367976
1.20191
0.779245
1.39703
0.52075
1.16581
0.759959
1.2076
0.812467
0.766133
1.19289
1.48714
1.39135
0.278055
1.90349
0.0721786
0.960615
0.689443
1.24535
0.658027
1.0522
1.10484
1.0305
1.4654
0.876484
1.22621
0.464024
0.90421
1.5392
1.32669
0.924905
0.69466
0.691649
1.11825
1.32301
0.854962
1.53086
0.275162
0.942008
1.14387
1.07861
1.46806
0.529034
1.69125
0.931475
0.490403
0.268905
0.417213
1.07779
1.02139
1.23076
0.835986
0.840045
0.670657
0.672017
1.02556
1.57291
0.670145
0.90489
1.22318
0.37531
0.613127
0.907985
0.413917
1.24998
1.43759
1.04407
1.39621
0.351896
0.274468
0.895183
0.895889
0.937187
1.31236
0.639223
0.79045
1.4409
1.25781
0.872082
1.13192
1.20653
1.14232
0.483304
0.531411
0.740204
0.86395
1.75634
1.80829
1.02609
1.37032
0.269636
0.780916
1.33293
1.73684
0.872115
0.552239
1.32601
1.48316
1.25841
1.30725
0.643146
0.942781
1.10554
0.360297
1.24381
1.45709
1.61617
0.166561
1.22409
1.09278
0.979811
0.58585
0.947353
0.448028
1.10321
0.754789
0.719426
0.249275
1.48263
1.02986
0.718016
0.603492
1.0647
1.49101
1.8034
1.26938
0.309156
0.857685
1.82504
1.54797
1.73504
0.984198
0.554319
0.557361
0.83208
0.233304
0.171544
0.723854
0.347969
0.769094
0.931575
1.04779
1.41995
0.448149
1.00546
1.59901
0.732359
0.756831
1.81983
0.636776
0.723487
0.833643
0.974205
0.36742
0.644987
1.49611
0.634061
1.43651
0.665241
0.719466
1.0299
0.942456
0.434375
0.408548
0.376324
1.7369
0.889581
0.753006
1.46659
0.388936
0.765949
1.01557
1.46068
0.834715
0.244355
1.74395
1.28444
0.869763
0.329942
1.10997
0.967937
1.08064
0.75958
0.426848
1.42342
1.80124
1.19666
1.3089
0.297463
0.602452
1.22826
0.559149
0.294249
0.771828
1.14171
0.943299
1.14751
0.896892
1.20947
0.502582
1.06862
1.09106
1.20363
0.666445
1.40989
1.41645
1.48683
0.732522
1.08572
1.13311
0.175787
1.03309
0.820639
1.75291
0.472999
1.31646
0.276989
1.02667
0.971558
0.681966
1.24577
0.978327
1.5148
0.906959
0.551429
1.08012
1.25315
1.15262
0.410897
1.69005
1.37301
1.03514
0.573768
1.37595
1.07379
0.755889
0.917681
0.0695591
0.127159
1.08713
0.624458
0.380721
1.23941
1.25506
0.877684
1.54223
0.900077
0.379072
0.960092
0.829466
0.794059
0.599964
0.816827
1.47651
0.284393
1.37076
1.10868
1.69427
1.2434
1.53555
1.55573
0.667551
1.05065
1.03925
0.884747
0.744406
0.935225
1.07156
1.412
0.0997128
1.32087
0.912643
1.01801
0.571896
0.720425
1.27816
0.834405
1.41889
0.708008
1.0185
1.09814
0.288546
1.45038
0.713209
1.71362
1.73671
1.05736
1.16765
1.01101
1.00356
1.10507
0.403382
0.754483
1.32868
0.627869
0.462185
1.3307
1.05372
0.553006
1.47769
1.64499
1.36608
0.809725
1.11733
0.922408
0.581675
1.2551
0.519136
0.625293
0.714442
1.12363
1.70668
0.926612
0.153014
1.57101
0.746245
0.939663
0.481011
0.635486
0.619399
1.04425
0.578281
1.02923
0.649526
0.805414
1.18521
1.02901
0.537001
0.763676
0.442111
1.15682
1.18337
0.823531
1.71546
1.0945
0.578094
0.72284
0.959026
0.952307
1.28521
1.15807
1.00952
0.418272
1.38944
1.41051
1.31445
0.88634
0.853699
0.458104
0.63499
1.40152
0.896582
1.08393
0.184857
1.24534
1.19856
1.84079
0.682734
0.857034
1.22554
1.60412
1.11711
1.63501
1.36722
0.988399
1.17799
1.01096
1.70075
1.11215
1.25804
0.149819
1.57477
0.699718
1.11537
1.36366
0.440449
1.09537
0.44997
0.920261
0.907614
1.12413
0.905102
0.40227
1.16627
1.25042
0.787959
0.896923
0.960311
1.04341
0.0946277
0.70754
0.877466
1.13712
0.493287
1.20304
1.75264
1.6139
0.847735
0.228985
0.622139
0.388117
1.38322
1.20203
1.44044
1.32346
0.856277
0.641097
0.603192
1.18387
1.70768
0.893711
0.874933
1.77414
0.738542
0.197454
0.807129
0.725148
1.61848
0.995244
0.906624
1.37906
1.37009
0.915605
1.75285
0.704993
1.17354
1.18115
0.548217
1.15912
1.43972
1.28607
0.845632
1.66948
0.986182
0.606353
1.19492
0.394471
1.56569
0.920392
1.04642
1.23803
0.270622
1.02854
1.13173
1.65928
1.47239
0.979355
1.34773
1.69209
1.96108
1.72693
1.56115
1.32956
0.662172
1.32636
0.833526
1.28374
0.527507
0.918155
0.872724
1.21997
1.20951
0.859839
1.45819
0.949935
1.87442
0.909857
0.577508
0.841137
0.406788
1.5479
1.29893
0.895553
0.796634
1.37483
1.08251
1.56572
0.476411
0.991836
0.646672
1.22178
1.07607
0.333641
0.59021
0.816547
0.526661
1.08465
1.33165
0.84116
1.06909
0.276985
0.45
1.4459
1.65045
1.18469
0.402867
1.55802
1.64211
0.549911
1.66939
0.984147
0.925339
1.44875
0.876972
1.03305
1.17343
1.26277
1.24036
0.73802
0.869353
1.12902
1.07131
0.798888
0.924345
1.27991
0.92649
1.05773
1.10953
0.711938
1.85208
1.15835
1.03601
0.611473
1.72654
0.631928
0.541452
1.69947
0.565975
0.266175
1.31806
0.807239
0.762175
0.9379
1.14577
1.03354
0.983839
1.05589
1.47818
0.557033
0.824886
1.32848
1.00694
1.3441
1.06391
1.76011
1.12949
1.0534
1.77139
1.37499
1.18624
1.54951
0.939855
1.31627
0.957962
1.76443
1.43524
0.675352
0.889438
0.615729
1.32808
1.12582
1.262
1.42689
1.85263
0.597806
1.00215
0.27144
0.960189
1.53284
1.42213
1.01895
0.748819
0.957455
0.175521
1.35502
1.27691
0.589803
1.00205
1.13075
1.12159
0.699057
1.12362
1.30559
0.731211
1.17422
0.892435
0.593804
0.616086
0.967269
0.621542
0.696627
1.11798
1.046
0.910728
0.769395
1.40196
1.80386
0.850684
1.026
0.602894
1.28287
0.967379
1.28654
1.4547
0.451834
1.70756
1.03724
1.0709
1.09846
0.700083
1.56716
0.775243
0.71245
1.50609
1.94939
1.00601
1.06368
0.777577
1.31618
1.05233
1.56121
1.05426
0.559525
1.00744
0.65545
0.61255
0.974393
0.665111
0.724184
1.59841
1.04249
0.999864
1.12311
0.577315
1.33586
1.15906
0.898232
0.63708
1.58846
1.49717
0.171938
0.84831
1.20412
0.979444
0.935294
0.979929
0.626262
1.41213
1.45125
0.599388
1.58697
1.40498
0.886863
0.544257
1.33143
1.00163
0.719021
0.238925
1.26661
0.959695
1.32919
0.885991
0.777231
0.347757
1.36271
1.42474
1.57568
1.10588
0.857366
0.0311296
0.281765
0.756326
0.424646
0.990274
0.672914
0.841313
0.928413
0.666119
1.27322
0.50237
1.08275
0.855725
1.61427
1.1151
1.22914
0.953931
1.30972
0.677621
1.08849
0.969092
0.909908
0.669389
1.11609
1.7292
1.61072
1.18658
0.443726
0.962137
1.18735
1.16166
0.997151
1.75949
1.41546
1.78312
0.867646
1.59387
0.728626
1.73621
0.738752
0.577619
1.47867
0.698015
0.976335
1.03124
0.934439
0.882398
1.34866
0.775312
1.26287
0.300649
1.56109
1.49931
1.60719
1.32184
0.459521
1.15334
1.7911
0.285553
0.549757
1.2365
0.743459
1.53983
1.60392
0.990173
1.1708
1.03219
0.871571
0.960608
0.662067
0.183979
0.422252
0.523607
0.544371
1.09109
0.855241
1.39922
0.297698
0.507787
0.233029
1.18253
0.30475
1.54032
1.15594
0.579879
1.00936
0.102897
0.402727
0.907762
0.587327
1.28397
0.668827
1.25011
0.0817325
1.15613
1.39336
1.20767
1.29375
0.483971
1.63099
0.812163
0.792553
0.293541
1.0739
1.16648
0.901264
0.826424
0.789016
1.80945
1.19796
0.458131
1.24756
0.788906
1.57539
1.36385
0.574072
0.65846
1.3361
1.61395
0.370045
0.549799
1.09442
1.54472
0.678945
0.842068
1.10488
0.434399
1.64999
1.42567
0.841971
1.31358
1.40558
1.01291
0.754162
0.596293
0.988763
1.17576
0.805872
1.38282
0.900481
0.492306
1.47334
1.58675
1.22653
1.31647
0.656306
1.09791
0.996173
1.05079
1.02437
0.666529
0.570924
1.02296
1.35739
0.858147
0.640678
0.615229
1.71668
0.763882
0.380269
1.90395
1.70278
1.20545
1.07402
1.2093
0.223671
0.972376
1.83064
1.18016
1.14562
0.800731
0.994946
1.09337
1.10116
0.954453
1.48629
0.878475
0.852451
0.832621
0.575621
0.120102
1.42771
1.42458
1.06955
1.35817
1.22917
1.78795
0.600431
1.10331
0.567959
1.27789
0.510186
0.864552
1.17654
0.954546
0.403437
0.895853
1.06998
0.61622
0.779715
0.681391
1.22582
1.40006
0.450461
1.5314
1.26679
0.512256
0.465075
0.288052
1.08323
1.47605
1.33544
0.8667
1.31209
1.15043
0.841908
1.39333
0.500442
0.81082
0.45882
0.953855
1.30828
1.4076
0.999163
0.778202
0.432552
1.14955
0.849934
0.487013
1.70241
1.41353
1.27906
0.571107
0.923307
0.263261
0.887474
1.23698
0.887154
1.36123
1.0355
0.74594
0.933956
0.869423
0.168053
0.989395
0.977205
0.257722
1.00212
1.25615
0.869129
0.41592
0.993375
1.31085
0.232385
1.5449
0.366242
0.643588
0.55204
1.03992
1.62359
1.66231
0.96726
0.92903
1.36225
1.44278
0.604561
0.902042
0.43253
1.04015
0.13734
0.900828
0.935952
0.961287
0.50036
1.4442
1.1962
0.735635
0.843946
1.17145
1.66829
0.707275
1.06767
1.19638
1.08465
0.304626
1.31544
1.68383
1.05929
0.943242
1.96081
1.05652
0.40403
1.42752
0.591883
1.07458
0.49254
0.998671
0.703815
1.49881
1.23087
1.06377
0.920476
0.946629
1.315
1.7093
0.726849
0.881411
0.868205
1.2604
1.00379
1.31455
0.524336
0.427122
0.609312
1.26515
0.601161
0.769192
1.02277
1.42003
0.587791
1.49194
1.25578
0.992691
0.834043
0.879665
1.77378
0.828325
0.926572
1.29003
1.17914
1.51534
0.594902
1.28769
1.07485
1.09031
0.0597573
1.02002
1.49735
0.743397
0.841111
1.00759
1.20462
1.47566
0.836485
1.65458
1.36258
0.8688
0.208212
1.02305
0.890367
0.620536
1.65826
0.805541
1.22275
0.353959
0.674723
0.816542
1.57502
0.793409
1.15093
0.657037
0.368829
1.6668
0.372809
0.701746
0.698621
0.340192
1.14238
0.958073
0.961309
0.966499
0.413435
0.966797
1.29967
1.74897
1.46439
0.613668
0.869234
0.781585
1.22311
0.193636
0.76746
0.617171
1.36465
0.746977
1.25679
1.00553
1.12766
0.53017
1.10162
0.950644
1.06894
1.33496
0.720594
1.63305
0.576124
0.540687
1.09166
1.40109
0.809325
1.74428
0.635829
0.992377
1.35267
1.52862
1.00903
0.747666
1.85257
0.309561
0.901569
0.854717
1.2152
1.11709
0.399203
0.850987
1.74207
1.05366
1.6499
0.919816
1.13819
1.03818
0.780888
0.803251
1.62809
1.20951
1.03877
0.465305
0.965467
1.49263
1.7179
1.45169
1.62975
1.07642
1.5206
1.44742
0.257245
0.68065
0.65371
1.15855
0.614339
1.42787
1.59233
0.943541
1.32628
1.53445
1.05806
0.913458
0.285399
1.45483
1.39691
1.38774
1.05489
1.38986
1.49604
0.612925
0.619136
1.28848
1.34791
1.1885
1.00021
0.80184
1.16912
0.592157
1.69297
1.45171
0.532515
1.43971
1.3795
0.650699
0.812253
1.59661
0.768067
0.953721
1.47882
1.00187
1.02148
1.01017
1.04652
1.90018
1.22994
0.699505
0.536281
0.666405
1.78113
0.842102
1.13544
0.361685
1.50929
1.38864
0.733163
0.941284
0.828219
0.719909
0.985787
0.420741
0.588395
1.54495
1.02444
1.7287
1.11869
0.121172
0.507796
0.856566
1.91005
0.943025
1.42852
1.49674
0.884442
0.786998
1.09542
0.643642
1.33077
0.647639
0.872574
0.733333
0.729702
1.2899
1.4608
0.735955
1.33237
1.15702
0.834645
0.675702
0.440443
0.707942
1.05101
1.11441
1.42656
0.83073
1.67184
1.17486
0.603259
1.44343
1.17835
0.888707
0.851157
1.41181
1.03528
0.771483
0.979882
1.7597
0.936545
0.341088
1.13678
0.849442
1.58933
0.856512
1.39422
1.31424
0.59089
1.03485
0.674585
1.20971
1.63977
1.50177
0.34111
0.776153
0.355693
1.73695
0.471984
1.13101
1.19842
0.858606
1.10518
1.36305
0.795496
0.964831
0.940064
1.04031
0.907549
1.32206
0.60192
0.519552
1.58235
1.63246
0.529535
0.654501
1.8978
0.491323
1.23141
1.25803
0.942606
1.28296
0.205469
0.359135
1.25353
1.10937
1.60283
1.33794
0.329759
0.374879
1.27274
0.893894
1.58397
0.10392
0.562729
1.0319
1.04969
1.1358
0.962652
0.477472
1.18756
1.8216
0.992134
1.34541
1.38692
0.721241
0.570043
0.511459
1.77837
0.955612
0.837683
1.25697
0.815484
0.838162
0.418908
1.14584
1.23455
0.500132
0.58101
1.21093
0.790477
0.917582
0.880889
1.45652
1.4872
1.00726
1.00123
1.3425
0.401522
1.15497
1.28734
1.58412
0.993645
1.62293
1.09308
0.693099
1.30226
0.118529
0.357819
0.782743
0.565646
1.49096
0.842999
0.516099
1.42593
1.20663
1.18732
1.00166
0.529105
0.550599
1.08899
1.54693
0.98969
1.06417
0.51225
0.339163
1.2351
1.03574
0.149588
0.429758
1.41009
1.46756
0.775435
0.342852
0.457412
0.963134
1.91913
0.90437
1.05127
0.41985
0.997938
1.52032
0.35083
0.827021
0.147235
1.38748
1.36285
1.23737
1.57389
1.66164
0.888044
0.752396
1.1577
1.67997
0.443044
0.92874
0.860469
1.38685
1.02327
0.727158
0.83216
1.07762
1.02711
1.64172
1.36396
0.654636
0.971383
1.02045
1.46584
1.19751
1.10119
1.16978
0.23324
1.84123
0.668181
0.720052
1.15435
0.985159
1.44253
1.11172
1.24652
0.580308
1.08079
1.79123
1.12968
1.38072
0.299719
0.719102
1.05368
0.737442
0.102771
1.10055
0.0942208
1.33214
0.670236
1.18486
0.312504
0.35877
1.39183
1.01712
1.04169
0.222852
1.00078
0.86083
0.965361
1.17824
0.932666
0.830839
0.434684
1.10805
1.42233
0.175598
1.06763
1.20395
1.15202
0.724128
0.607187
1.14551
1.2484
1.3071
1.46694
1.33283
1.19295
0.579152
0.667685
0.84727
1.44779
0.591862
0.246486
1.20619
1.8152
0.620543
0.587975
0.630156
0.999873
1.56056
0.789224
0.997457
1.00707
0.762683
1.50126
0.738681
0.369357
0.92099
1.85484
0.473674
1.33985
0.296617
1.17745
1.26643
1.92661
1.2701
1.01128
0.796117
0.29307
0.447073
1.28479
0.625127
0.915204
1.66427
1.45574
1.23594
0.501731
0.904834
1.00398
0.94598
1.70036
0.930608
1.61333
1.47949
1.13004
1.31787
0.69085
0.951816
0.416712
0.82018
0.711866
0.200901
0.452934
0.496441
1.52345
1.6161
1.5636
0.884982
0.923076
1.03989
0.563228
1.47495
1.52685
0.705721
0.792182
1.55737
1.03047
0.912424
0.668181
1.50703
1.51848
1.29287
0.585309
0.655774
0.597376
1.47148
0.905957
1.41484
0.715837
0.891556
1.02807
0.919851
0.58038
1.6873
0.745558
1.28877
1.30493
1.02416
0.687735
1.43862
1.7251
1.82736
0.818544
1.46803
1.1644
1.38632
0.195009
0.515473
1.19801
0.669352
1.35054
1.16724
0.922018
1.28167
0.537192
1.14595
0.372618
1.20166
1.04289
1.0291
1.06863
1.36162
0.696588
1.02614
1.36695
1.16546
0.787407
0.619193
0.717044
0.923915
1.24464
0.316303
0.987013
1.05741
0.394755
0.702291
0.983727
1.49881
1.13947
1.11219
1.18003
1.43719
0.795708
0.999527
1.29378
0.858993
1.1199
1.22579
0.943682
0.785724
0.891245
1.41878
1.13085
1.25571
0.312733
0.965833
1.56145
1.56906
1.15016
1.15314
0.725884
1.38681
0.933587
0.902988
1.73602
0.678108
1.51879
1.34162
1.43971
1.04437
0.92094
0.758076
1.54648
1.95221
1.87579
0.527984
0.676465
1.27608
0.935295
1.53248
1.23451
1.81377
1.87151
1.20975
0.866405
0.78343
0.911234
1.32477
0.668528
0.605233
1.15709
1.94218
0.791019
0.245636
0.74943
1.01786
0.986945
1.65589
0.812961
0.921291
1.01889
0.66278
1.49505
0.941028
0.526754
0.577459
1.11847
1.49034
0.956423
0.525271
1.47166
1.10135
0.480378
1.10059
1.63567
1.38521
1.35026
1.27635
1.02187
0.655452
1.1439
1.40098
0.879529
1.02774
1.04782
1.1549
0.400683
0.429631
1.16838
0.587929
0.832918
0.539374
1.65056
0.243484
0.719041
0.975458
1.13151
0.266033
0.287988
0.803117
1.17169
1.58983
1.3675
1.25353
0.431349
0.882746
0.408982
1.29461
1.4397
0.267345
0.799656
0.607364
0.868333
1.24858
0.86376
1.03313
0.80397
0.729025
0.359673
0.9024
1.03175
0.498671
1.23014
1.03753
0.188331
0.961046
1.05486
1.40016
1.36079
0.448516
1.68642
1.23751
0.792086
1.03486
0.857532
1.24165
1.05473
0.949395
1.27422
1.63599
0.774311
0.994897
0.947588
1.11722
1.31093
0.655868
1.18923
1.12799
1.66678
1.07872
1.57496
0.678628
1.12164
1.22105
1.50469
1.5045
0.657732
0.521105
1.53952
0.480752
1.06159
1.60037
0.55159
1.20487
0.480233
0.776722
1.10344
0.845488
0.827433
0.945692
0.725227
1.58738
1.20781
0.998748
1.53408
0.68121
0.922657
0.385043
0.313373
1.38562
1.14883
1.48805
0.805931
1.16011
1.93829
1.30854
0.822711
1.49955
0.0629245
1.07999
1.83542
1.00161
0.895502
1.7925
0.562267
0.951628
0.493833
1.03669
0.622098
0.300467
1.53996
1.19549
1.0892
1.72007
0.307791
1.56936
0.862474
0.581825
1.18709
1.4728
0.924231
0.976209
1.13756
0.700141
1.37348
0.851187
1.11366
0.98786
1.43149
0.320321
1.23614
1.0315
0.946683
0.336656
0.745852
1.60615
1.41793
1.55512
0.50705
0.676348
1.24712
1.34769
1.58604
1.139
1.61891
0.26941
1.57973
1.47806
0.872005
1.45231
0.746556
0.987354
0.64222
1.64446
0.718499
1.11481
0.20483
1.08409
1.51162
0.172237
0.978324
0.701457
0.237658
0.6078
1.3661
0.679891
1.35877
1.31707
1.53471
0.69661
0.702177
0.829455
0.269245
0.802389
1.01683
1.13478
1.60561
0.838652
0.991667
1.50759
0.850279
0.842413
1.84986
0.835681
0.527124
1.73728
1.57599
0.986252
1.3585
1.21804
0.778359
1.13059
1.75694
0.652844
0.871385
1.2059
0.824991
1.37945
1.46664
1.36379
1.53761
1.06788
1.43719
1.44107
0.66078
0.97873
0.376786
1.2568
0.980705
0.0527174
1.37119
0.547231
1.82322
0.831931
0.982283
1.1422
0.686411
0.779041
1.33688
1.21261
0.641425
0.53306
1.27878
0.247792
0.592292
0.974729
1.43295
1.2839
1.01196
1.0746
0.903652
1.50133
1.30665
0.856395
1.171
0.946316
1.10677
1.5198
0.80382
1.1046
1.13604
1.3953
0.542922
1.42332
1.11995
1.50508
0.430197
0.958037
1.18169
1.26288
0.608778
1.23362
1.05811
0.573188
0.473319
0.811141
1.54775
0.911237
0.752548
0.981416
0.806044
1.68972
0.810159
1.84796
1.53831
1.30321
1.05842
1.70189
1.40213
0.883403
0.980086
1.0798
1.01939
1.94429
1.31512
1.68431
0.668486
1.72698
0.928995
0.968897
0.912042
0.869216
1.07752
0.478677
1.10474
1.57743
1.18151
0.965414
1.06385
0.735041
1.4791
0.431511
0.732062
0.618279
1.18106
0.764431
0.17445
1.6143
1.34745
0.321967
0.365179
0.611401
0.54662
0.295917
0.956754
0.601943
0.861443
0.60281
1.39204
1.31818
0.925165
0.975233
1.59218
1.07171
0.366788
1.27482
0.376465
1.6278
1.51694
0.75334
0.868689
1.14097
0.970913
1.52845
0.655265
0.63612
0.890153
1.41748
1.41977
0.675057
1.31698
1.38027
0.783516
0.713071
0.88003
1.43218
1.12071
1.03598
1.13037
0.73341
0.705049
0.72601
1.29769
1.45213
0.886968
1.46804
0.638133
1.67776
0.759642
1.2658
1.0897
0.556572
0.0622399
0.746886
1.10347
0.72261
1.29794
1.07232
1.16536
1.8005
0.645607
0.779182
0.511877
1.00057
1.24033
0.660986
1.74434
0.403362
0.725689
1.03846
1.16196
1.39822
1.50048
1.64603
0.444104
1.00597
1.4937
0.564465
1.35111
0.80712
1.54818
0.527872
1.60227
1.1223
0.528677
0.0273753
0.703262
0.346205
0.691203
1.30835
1.32175
1.08899
1.39878
1.53037
0.33973
0.978178
0.898886
1.35627
1.76858
1.33427
1.16858
0.85679
0.939756
0.770527
1.62245
0.816847
0.656832
1.05186
1.72654
0.128706
0.929681
0.827091
0.785396
1.64443
0.166081
0.721593
0.565337
1.38434
0.850685
0.984114
0.586162
1.09824
0.846215
1.07267
1.12763
0.737822
1.42078
0.793133
1.82849
1.08085
0.433355
0.688143
0.318963
1.58526
1.46824
1.59809
0.890126
1.43585
1.14375
1.402
1.36295
1.00171
1.01398
0.693224
0.608971
1.17608
0.514982
1.39086
1.0202
0.71862
1.23599
0.561858
1.34427
1.32533
1.10085
0.531361
0.745796
0.887393
0.866014
1.31889
0.267607
1.32538
0.855992
1.56828
0.554718
1.42982
0.771374
1.00939
0.721006
1.79033
1.08839
0.818992
1.17505
0.86842
0.465179
0.283439
1.26126
1.24828
1.3569
0.259173
1.44363
0.50026
1.41819
0.940243
0.809
1.35339
0.885625
1.03787
1.22475
0.969791
0.518268
0.608176
0.79344
0.893254
0.524922
1.67059
1.54031
1.05586
0.358073
1.72072
0.288174
1.15574
1.18458
1.50297
0.634449
0.992138
0.320701
1.18594
1.12179
0.549872
0.753573
0.576481
0.752953
1.56084
0.0980889
1.31009
1.12651
0.891752
1.48571
0.743768
0.62715
0.394099
1.17774
1.46065
1.25252
1.05955
0.413222
1.45791
0.372328
0.642883
1.60387
0.657487
0.853407
0.8387
0.792191
0.580552
0.25606
0.409475
0.566034
0.888123
0.919561
1.048
1.02193
0.899746
0.778344
1.6536
1.32154
0.482311
1.23329
0.718833
0.675719
0.943991
0.386873
1.88403
1.07234
1.25963
1.67825
0.736212
0.49291
0.413055
0.405696
0.708389
1.2477
0.635141
0.451656
0.983704
0.812357
1.0245
0.441367
0.855294
1.77589
0.549717
0.755269
0.748946
1.36615
1.30699
0.956353
0.319261
1.30174
1.26422
0.908131
0.473307
0.763491
0.996524
0.621065
1.85023
1.844
0.975885
1.23319
1.15557
1.11622
1.24798
1.14383
1.01333
1.03254
0.446253
1.0291
0.494711
1.10184
0.971048
0.874145
1.12123
1.22252
1.04257
0.544251
1.16676
1.07453
0.846011
1.19758
1.1104
0.70037
1.14317
0.966998
0.449006
1.08941
1.61306
0.553145
1.09563
1.04918
1.55126
0.656567
0.844322
1.26726
1.70409
1.58839
0.622467
0.772721
0.379757
0.548452
0.622235
1.11323
1.53955
0.998044
0.60136
1.07337
1.92142
0.844246
1.6382
0.403661
0.478983
0.260565
0.564846
0.995951
0.963376
0.528825
1.4659
1.34965
0.903194
0.888426
1.22416
1.2468
1.42027
0.944676
0.318764
0.546606
0.813017
0.6444
0.876452
0.774425
0.980281
0.945787
0.952683
1.60065
0.523151
0.46438
1.00649
1.13962
1.1552
1.22714
1.09436
1.34692
1.36964
1.14308
0.9928
1.11156
1.30179
1.52202
0.741731
1.07492
0.840709
0.573223
1.69779
1.11052
0.781477
0.930108
0.52843
1.36039
1.2874
0.87402
1.07099
1.38886
1.44188
1.11766
0.863697
1.08526
0.962121
1.48482
1.52003
0.697921
1.63905
1.61909
0.887288
0.833276
1.36813
1.21272
1.17714
1.22024
0.399719
1.16091
1.84821
0.522456
1.41114
1.00346
1.14331
1.5719
0.936235
0.648377
0.72255
0.318758
0.336078
0.440262
0.764485
0.965345
1.38415
1.86959
0.654481
1.18976
1.31796
1.32024
0.319408
0.486756
1.35943
1.13107
0.280241
1.01674
0.711065
0.427016
1.47319
1.13906
0.559234
1.59862
0.122388
1.45126
1.51209
1.0657
0.733607
0.607508
1.67719
0.883645
0.31107
1.01108
1.08434
1.0385
1.51953
1.72754
1.63272
0.546904
1.63635
1.16654
0.695887
1.14985
1.32711
0.874858
1.04116
0.916175
0.91119
1.31066
1.14462
1.42747
1.48702
0.819656
1.32367
1.46561
1.53955
0.363786
0.409043
1.28195
1.44065
0.553447
1.21501
0.487194
0.325984
1.13717
0.807636
1.4786
0.624419
1.01989
0.76612
0.516924
1.08904
1.75461
1.47745
1.45312
1.87459
0.555158
0.701989
1.05948
0.595943
1.25548
1.527
0.791857
0.48758
0.805352
0.6759
1.02925
1.11379
0.263608
1.00289
1.15983
1.01152
0.801492
0.923737
0.781951
1.02919
1.53573
1.19126
1.14646
0.935945
1.32608
1.48882
1.8327
1.02519
0.598335
0.441898
0.922484
1.51898
1.10203
0.746877
1.48741
0.44333
0.894173
0.836184
0.441704
1.05509
0.48427
1.9028
0.950751
1.70009
1.33962
0.184022
1.07131
1.0563
0.840043
0.969204
0.850997
0.793224
0.624195
1.35231
0.725607
1.87255
1.9032
0.462444
1.01684
1.32926
0.9202
0.980046
0.240622
1.60518
1.0699
1.38111
0.507257
0.792247
1.30679
1.25622
0.880222
1.45754
0.856222
1.86985
1.44371
1.1694
1.28872
0.748401
1.07322
1.2919
0.561512
1.14944
1.67467
0.482636
1.09456
1.08361
1.23204
0.586528
1.45238
1.02104
0.88602
1.21635
0.791268
0.748047
0.771087
0.973949
0.91374
1.20882
1.41243
1.02033
1.81691
0.966099
0.395737
1.30392
1.2418
1.18957
0.76179
1.50474
0.460931
0.982086
1.58205
1.44198
1.09829
1.08361
1.41504
1.42804
0.959833
0.788508
1.24141
0.891159
1.08366
1.70099
1.54495
0.793361
0.522261
0.488163
0.687084
1.69663
0.323531
1.23361
1.36851
0.974553
0.240777
0.893839
1.34322
1.08469
1.2995
0.574193
0.29694
1.44655
0.862474
0.792598
1.43519
1.15904
0.851043
1.36805
1.02106
0.492708
1.19528
0.804998
0.712604
0.867224
0.848869
1.15875
1.31262
0.824359
1.37349
1.05187
0.776447
1.06769
0.225897
0.659823
0.986915
1.24023
0.938875
1.72922
0.719651
1.48956
0.619865
0.883473
0.216344
0.450924
0.957808
0.488446
0.202159
0.544859
1.33737
1.16156
0.931825
0.814306
1.5836
1.3319
1.38089
0.394977
0.625852
0.370024
1.39973
0.528157
1.29021
0.630827
0.866406
1.50956
0.46474
1.26668
0.503855
0.838574
0.779489
0.457964
1.96459
0.858266
1.82305
1.19112
1.50591
1.24867
1.41081
0.937176
0.937509
0.747604
1.20077
1.85208
0.502539
1.2538
0.469592
1.76544
1.38897
1.1995
0.990372
1.4543
1.09577
1.29838
1.00655
0.520861
1.24714
0.953747
1.68548
1.606
1.1233
1.46788
1.46875
1.16807
0.644942
0.543001
1.39066
0.761227
0.917657
1.38207
0.787488
0.926562
0.208813
0.345765
0.738227
1.5658
1.61039
1.47671
0.554817
1.04889
1.01939
0.869306
1.29844
0.735516
1.31839
1.13397
1.62079
1.14094
0.811357
1.00152
0.966534
1.02122
0.234823
1.27018
1.01882
0.881445
0.963921
0.835485
1.21441
0.697197
0.537648
1.05931
0.613612
1.42171
0.411678
0.985789
0.691263
0.485446
1.3275
0.90068
1.37284
0.9579
0.769109
1.10795
1.85481
1.84334
0.853133
1.06306
1.41718
1.62844
0.863772
1.30494
0.928482
1.49491
0.289797
1.18425
0.601546
1.2941
1.06742
0.375182
0.862654
1.41636
1.09719
0.714186
1.50713
1.38596
1.03295
1.79761
1.38333
1.28413
0.856166
0.797481
1.77775
1.10785
0.657978
0.907992
0.692201
1.06652
0.838119
0.668906
0.763929
0.98444
1.2787
0.701526
1.0376
1.5246
0.489573
0.814881
0.544659
0.547549
0.81211
1.16342
0.715054
0.982112
1.35118
1.42873
0.868864
1.29266
1.44566
0.555426
0.112103
1.03366
1.25592
1.01069
1.08151
0.866635
1.26102
1.07161
1.63723
0.279952
0.348129
0.873164
0.323592
0.674477
1.10802
0.550656
1.29984
0.773187
1.31489
0.913614
1.79647
0.791773
1.87009
1.25605
1.1828
1.60222
1.91277
0.998369
1.57539
1.04126
0.54209
0.727959
0.858359
0.913957
1.09212
0.290271
1.19594
0.554689
1.09668
0.299198
0.780391
1.69104
0.512022
0.598123
1.2807
0.23224
0.683244
1.18387
1.14468
1.1645
1.01637
0.910577
1.02213
1.33098
0.828609
1.17457
1.32354
1.0429
0.20341
1.42626
0.805537
0.919753
1.33644
1.67474
1.17153
0.449416
0.958971
0.944039
0.573846
1.06823
1.574
0.483947
0.998932
1.28428
0.742763
0.715096
0.47983
0.344983
0.861097
0.539514
1.20003
0.918922
1.16723
0.247743
1.45624
0.826795
1.02998
1.03595
1.00395
1.67493
0.670369
1.4736
0.863876
1.04473
0.63746
1.06372
0.605595
1.32447
1.25341
1.19108
0.700446
1.58649
1.16005
0.744987
0.774758
1.13582
1.2483
0.868295
1.26307
0.564286
0.607448
0.501999
0.857428
1.34218
0.603793
0.929703
0.623028
1.89102
0.883825
1.71067
1.09979
1.16378
0.666782
1.393
0.999783
0.598715
0.552266
0.509561
0.926106
0.330212
1.08149
0.631544
1.02974
1.04165
0.373725
1.34371
0.82944
1.56672
0.160761
1.7176
1.01433
0.809236
0.942816
0.957297
1.28185
1.33437
0.283338
1.33135
0.657781
1.20936
0.887475
1.12211
0.366154
1.42752
1.47896
1.0016
1.29151
1.14245
1.07475
0.629053
1.04267
0.658063
0.822096
0.972462
1.5946
1.6161
1.43681
1.0772
0.522535
1.23756
0.758312
1.25962
1.62606
0.940974
1.30077
0.516355
1.29769
1.58817
1.12114
0.699089
1.17782
0.740659
0.810337
0.932895
0.325477
0.40943
0.75888
1.65326
0.742447
0.171187
0.745478
1.28808
0.788362
1.04109
1.49123
1.22846
1.22628
1.26622
0.208772
0.668713
0.392098
1.17489
1.69078
0.285316
0.93809
0.758464
0.822518
1.2226
0.755777
0.75487
0.69856
1.17595
1.11523
0.746035
0.976008
1.18355
0.833209
1.1421
1.55571
1.77921
1.23725
0.459556
0.873367
1.31564
1.13059
1.94854
0.700189
1.46001
1.06428
0.960809
0.847531
1.13408
1.33728
0.750362
1.32359
0.88525
1.35612
1.2369
1.22665
0.16503
1.19839
1.70618
1.61827
0.745584
1.46903
1.13542
0.600186
1.44065
0.989257
1.79123
1.00221
0.75647
0.572685
0.189496
1.66633
1.01866
0.571982
0.854156
0.887695
0.936221
1.23029
0.649757
1.78135
1.3051
1.14864
1.57099
1.3665
1.26838
1.13885
0.74138
0.839823
1.68159
1.22969
1.61007
1.4009
0.578789
0.697877
1.39731
0.971068
1.71147
1.36548
1.34662
0.729647
0.87069
0.84407
1.86723
1.10157
1.01949
0.760649
0.953158
1.08409
0.723803
1.52176
1.20744
1.21637
1.63675
1.257
1.45618
1.04036
0.439745
0.948745
0.451437
0.873677
1.03372
1.09377
1.51529
1.56733
1.37419
0.640585
1.10487
1.23738
1.47639
0.894754
0.566076
1.04544
0.186141
1.41796
0.653682
0.753469
0.862593
1.93952
1.21789
0.508411
1.77583
0.428207
1.03119
1.18471
0.844326
1.79476
1.70314
1.22733
0.658917
1.83398
1.70557
0.909244
1.12894
0.877304
1.19381
0.53642
0.406846
1.62443
0.332184
0.80594
0.924566
1.55223
1.24308
0.60862
1.66506
1.45997
1.00976
0.585994
0.495042
0.145318
0.955403
0.941785
0.403301
0.533825
1.0746
0.907813
0.868616
0.155487
0.353586
1.50799
1.72586
0.924297
0.98505
0.791424
1.55694
1.00206
0.99841
0.972511
1.59407
1.18326
1.41892
0.673219
0.359626
0.579542
1.08324
0.902648
1.08117
1.12836
0.0860408
0.432843
0.849759
1.05348
0.45482
1.79402
1.0268
1.52414
0.372577
1.3658
0.709626
0.540376
1.28949
0.464708
0.599959
1.40472
1.34506
1.76897
1.00309
0.899784
1.01789
0.850837
1.27108
1.2868
0.875473
0.953827
1.74091
1.1179
0.890654
0.774315
0.537348
0.843115
1.22518
1.65152
0.95139
0.633354
0.721376
1.40576
0.20237
0.474263
1.53621
1.1504
1.55506
0.180521
1.11124
1.41491
0.732941
1.34302
0.802789
1.2757
0.71682
0.58769
0.911814
0.820274
0.984867
1.72009
1.50181
0.601751
1.28109
0.932926
0.123924
0.905573
1.49791
1.09123
1.44882
1.01066
0.0466752
0.698096
0.993351
1.07723
1.03951
0.837586
0.957945
1.39937
0.31661
1.10599
1.15021
1.22647
1.55215
0.471057
1.44086
1.16978
1.1521
1.07225
1.3581
1.90533
1.42431
1.60716
1.18328
1.70741
0.73538
1.41076
0.631983
1.55545
1.34942
1.18421
1.40203
1.07105
1.23947
1.39219
1.84623
1.01209
1.31975
0.865616
1.07631
0.746487
1.57542
1.40796
1.29642
0.443904
1.01511
0.732156
1.35036
0.907526
1.49502
1.00876
0.715708
1.72354
0.937663
1.94279
1.07311
0.835734
0.603522
0.769148
1.23958
0.632697
0.90387
0.640913
1.47001
1.5619
0.341708
1.91159
0.993369
1.07912
0.677966
0.47777
1.33844
1.09237
1.27432
1.77098
0.142816
0.190168
0.679321
0.854304
1.04559
0.972825
1.71106
0.891067
0.738187
1.55564
1.04692
1.23134
0.499785
1.10417
1.31755
0.443048
1.07032
0.0948645
1.11973
0.514701
1.29192
0.669326
0.822246
1.69142
1.9124
1.22275
0.841353
0.635182
1.86685
0.575594
1.28165
0.425876
0.453832
0.943635
0.868427
1.31776
0.236495
1.44046
0.522304
1.60394
1.34517
1.0452
1.19775
1.66468
0.877417
0.361466
0.0911752
0.53339
0.820793
1.13003
0.493663
1.42796
0.920978
1.68137
1.40238
0.359109
1.41576
0.924
0.958578
0.939296
0.422454
0.966924
0.35129
1.21557
1.71807
1.4948
1.33717
1.77778
0.367005
0.869676
1.78805
1.32943
0.283097
1.5166
1.78674
1.75313
0.177651
0.658445
0.820542
1.24277
1.40055
0.945421
1.67362
0.847986
1.32824
1.12641
1.0732
0.396894
1.11771
0.908528
1.21998
0.65121
0.971927
1.32555
1.64306
0.865515
0.5325
0.858997
1.36051
1.32988
0.788194
1.0537
1.06685
1.02136
1.3136
1.39129
0.591824
0.409025
0.833145
0.757046
0.504713
0.367007
0.512571
0.654692
1.09189
0.988327
0.430218
0.761981
1.08215
1.92659
0.917666
1.33697
1.22269
0.713184
1.2807
0.641402
1.61046
0.366756
0.854659
0.726856
1.42365
1.35688
1.45191
0.462222
0.450883
1.95443
0.556751
1.8648
1.41462
1.42735
1.51542
0.49186
1.22069
0.907629
0.900852
1.21406
0.966887
0.561597
1.26771
1.50962
0.815507
1.62315
1.52546
0.62837
1.35715
0.506643
1.34421
0.689552
0.233045
0.980969
1.67348
0.592086
1.64665
1.02375
1.14626
1.20287
0.35696
1.01713
0.810812
1.08219
1.08409
0.122607
0.733491
1.60304
0.883708
1.62021
0.353579
1.41492
0.670104
1.14738
0.92454
1.00081
1.60607
0.568984
0.922657
1.3303
1.31805
0.601333
1.03891
1.6296
0.629706
1.14101
1.43954
1.54713
1.72289
0.907259
1.54346
0.895266
0.547635
1.58511
0.618894
0.920301
1.11379
0.977574
0.394265
0.828575
0.585359
0.972691
1.20044
0.62266
1.47244
1.34616
0.762368
1.45222
1.41303
0.597275
1.5009
0.461787
1.59898
1.06248
1.04662
1.07734
1.08642
0.462885
0.485705
0.723809
1.07704
0.613067
1.0341
0.832546
0.354718
0.99068
0.901327
0.815305
0.892768
0.885224
0.682896
0.977246
1.20861
1.32625
0.815267
0.819853
1.53159
1.22892
1.04799
0.680298
0.882046
0.512364
1.82793
1.31494
0.880272
0.834928
1.3932
1.3337
0.820457
0.777831
1.5532
0.83194
0.29357
0.425808
0.494195
1.28487
0.294078
0.847367
0.445859
0.971366
0.857652
0.922364
0.59015
0.545792
1.18158
0.526463
0.917734
0.830235
1.1643
1.39788
1.11862
1.78794
0.716386
0.785995
0.771175
1.19245
1.31295
0.279747
1.42352
0.921094
0.730322
1.00859
0.976465
1.78847
1.58935
1.21726
1.67569
0.89808
1.21789
0.612701
1.17449
1.65819
0.66294
1.19096
0.162035
0.57042
1.5129
1.18989
0.873864
0.0918001
0.825095
0.372931
1.66515
0.293217
0.992293
1.18747
0.554825
1.28964
1.12485
0.960617
1.0479
0.543154
1.65867
0.667966
0.513713
1.3034
1.35889
0.515448
0.700275
1.33448
1.71557
1.3103
1.43476
0.752216
1.08911
0.890707
1.34871
1.12051
1.15062
0.930547
1.2656
0.732725
1.11062
0.586423
1.28688
0.448574
1.09587
0.549737
0.530372
0.549628
1.47145
1.23207
1.80721
1.26118
0.459056
0.904892
1.28884
0.901209
1.26438
1.30634
0.801671
0.502671
0.222993
1.06717
1.41297
0.348762
0.562179
0.580564
0.392675
0.586151
0.564043
1.62087
0.195363
0.567044
0.169018
1.31561
1.55856
1.41345
0.44291
0.980251
0.566447
1.62661
1.2015
0.25979
0.160789
0.913125
0.68104
1.12764
1.22995
0.691036
1.45925
0.519309
1.11898
0.956199
0.782451
1.53912
0.701852
0.928744
0.213856
1.09405
0.932133
0.236307
1.16242
1.05348
1.00931
0.850293
1.16112
0.644731
1.09821
1.41792
0.626843
0.252349
0.331975
0.762174
1.08283
0.929607
1.04197
0.763698
0.743179
0.853739
1.13794
0.715476
0.988284
0.858833
0.447446
0.57421
1.09328
1.89739
1.04488
0.967932
1.28937
1.02677
1.0235
1.30197
1.28816
1.32856
0.248963
0.249717
1.10787
1.08542
0.940064
0.417034
1.18279
1.17738
1.67669
0.442827
0.75318
0.557317
1.05167
0.180326
0.683478
0.915472
0.734321
1.11093
0.996758
0.581673
1.19692
0.441479
1.20854
0.968152
1.35301
1.01315
0.757502
1.24605
1.23404
0.871902
0.811555
0.907267
1.53017
1.10297
1.11509
0.832043
1.65595
1.04308
0.881194
0.798627
0.928588
0.824942
0.787979
0.600611
0.828019
1.07918
0.787466
1.5096
0.766193
0.967743
1.19882
0.174979
0.948416
1.43539
1.88767
0.981625
0.607411
1.44923
0.99227
0.695802
0.566769
0.346299
0.331883
1.08324
1.3119
0.413863
0.980888
1.19669
0.522353
1.53337
0.61229
1.61077
1.01608
0.617843
1.17313
0.619706
0.762355
1.00995
1.48586
0.650226
1.56199
0.520294
1.21057
0.502232
1.80293
1.32251
0.595573
0.243187
0.649306
0.473665
1.15941
1.65519
0.262127
0.712184
1.32167
0.651301
0.611418
1.40587
1.00679
1.48444
0.266544
0.773644
0.709385
0.829888
1.34862
1.34858
1.38833
0.104923
1.35838
1.32237
0.15906
1.10922
1.29203
1.19115
0.306134
0.722965
0.745845
1.46044
0.284734
0.86329
1.65199
0.616977
1.38918
0.823038
1.03186
0.577653
0.630693
0.839715
1.65079
0.726958
0.287869
0.952988
1.05831
0.302008
1.54226
1.07706
0.724511
0.727599
0.508328
1.16944
1.34784
1.43163
0.794715
1.48942
0.861246
1.46821
1.54123
0.722076
1.40767
0.823918
1.42887
0.512392
1.65265
0.583353
0.898307
1.49621
0.339125
0.637251
1.01057
1.33608
0.624545
0.833459
0.456141
1.2055
1.86269
1.05988
0.629655
1.50803
1.43351
0.879858
0.640481
1.04657
0.799306
1.35888
0.384028
0.115588
0.67505
0.570921
0.745144
0.950459
0.86766
0.860964
0.670763
1.57356
0.9259
1.57208
0.503159
0.397165
1.62405
1.54955
0.905853
1.00676
1.12278
0.634334
1.2596
1.5257
1.24792
1.62864
1.6051
0.944248
0.630813
1.29679
0.959519
1.03746
1.27965
0.807044
1.46908
1.0397
0.72521
0.886604
1.07584
1.40563
0.365373
0.683308
0.544253
1.46319
0.867128
0.854427
0.799939
1.36049
1.49314
0.827523
1.89918
0.759114
0.48771
1.16084
0.914851
1.63597
1.11579
1.75638
1.59223
1.56687
1.1605
1.11504
0.833889
0.784734
0.934189
1.47261
1.44164
1.07597
0.685012
0.957465
1.18185
0.704596
1.46215
0.616744
0.875992
0.399605
0.142867
0.791182
1.44299
1.60406
1.33791
0.617679
0.708193
1.07225
0.992297
1.16066
1.43596
0.820823
0.789308
0.613043
0.57684
1.41298
0.361502
0.666809
1.62069
0.84722
0.861193
1.37808
1.77593
1.10578
1.2966
0.734738
1.39813
0.459402
0.61962
1.48892
0.67706
0.60408
0.780616
0.485976
1.17541
0.722734
1.51466
1.27972
1.12495
1.48728
0.588124
0.0627648
1.76931
1.56259
1.53752
0.777806
0.635139
1.16393
0.802408
1.55475
0.913705
0.498863
1.13212
1.57909
0.364243
0.974864
0.755717
1.52703
0.594909
0.292136
0.913389
0.322634
0.653475
1.46346
0.511073
1.30092
1.39641
1.45887
1.18857
1.44918
0.869078
0.526461
0.763453
1.08712
0.96845
1.53273
1.3837
1.5981
1.05542
0.242436
0.563492
0.903513
1.41682
0.246942
0.754994
0.943086
0.25843
1.14348
0.725713
0.797367
1.4346
0.628315
1.14837
0.729783
0.998484
1.02193
0.696133
1.03874
0.928498
1.81671
0.758767
0.915998
0.765066
1.30463
1.50935
0.0559206
1.43372
0.999142
0.845504
0.8078
0.462741
0.904826
0.621091
0.791034
0.796479
0.443935
1.29053
1.53629
0.572661
1.03632
0.425964
1.29493
1.25114
1.75754
0.526797
0.631546
0.679581
1.00994
1.18088
0.588777
0.25217
1.09413
0.864819
0.433746
1.81854
0.52055
1.24045
1.05444
1.50808
1.1522
0.367375
0.409686
1.07164
1.20301
0.529867
0.887204
0.540357
0.894741
0.95996
1.00901
0.939374
0.646456
1.77044
1.3469
1.09757
1.01581
0.73332
1.21846
0.755875
0.476823
1.24381
0.722979
0.736315
0.690218
1.75802
0.976674
0.550047
0.250016
1.0841
0.717745
1.30236
1.20307
0.0996697
0.289372
1.16613
0.338621
0.918679
0.982733
0.671601
1.07927
0.715588
0.994532
0.630462
0.306881
0.616991
1.33029
1.58784
1.08601
0.917805
1.69775
0.586524
1.0154
1.21874
0.634469
1.21347
0.350068
0.373299
1.78711
0.099917
0.905614
0.484086
0.738684
1.31111
0.906351
0.658322
0.460276
0.884458
1.08553
0.933327
1.20869
0.19577
0.749913
0.637094
0.546427
1.13799
0.537897
1.05937
0.778327
0.858478
1.03376
0.816213
0.897464
1.5551
1.31844
0.642796
1.08353
0.466838
1.51903
0.755
0.771514
0.825595
0.802929
0.225352
1.23692
1.08447
1.30598
0.293327
1.64913
1.68083
0.327678
1.57186
1.05179
0.199501
1.4981
0.841595
0.980243
0.939783
1.7565
1.20412
0.965309
0.856658
0.0842054
0.530886
0.392331
1.5741
0.348042
0.593662
0.64388
1.10106
1.17444
0.864768
1.1615
0.966562
1.74985
1.83778
1.50911
1.56124
0.86307
0.771156
1.53375
0.13607
0.897826
1.12457
0.453864
0.934245
1.227
0.725105
1.77863
1.23306
0.595623
0.851333
1.45298
1.29468
0.740158
1.12596
1.06669
1.69467
1.4511
1.07856
1.94553
0.801367
1.30252
0.892723
1.0355
0.614834
0.289011
0.483358
1.25349
1.37307
0.485855
1.15066
1.4394
1.19682
0.948508
0.95185
1.18228
1.85064
1.29045
0.239366
1.20185
1.0714
0.375688
1.15148
1.2148
0.938298
0.892945
0.799367
1.25917
0.739051
1.53665
1.82675
0.585251
0.527821
0.649751
1.16247
1.82298
1.65913
0.158654
0.628337
0.991571
1.38249
0.787648
1.02438
1.31565
1.25425
0.613738
1.74163
0.856059
0.905852
0.651779
0.375796
1.15604
0.413755
0.871383
0.251099
0.922675
0.949746
0.742679
0.8578
1.64429
1.58067
1.37486
0.377361
0.57337
1.28993
1.15204
1.0977
0.398762
1.43911
0.730608
0.687145
1.05722
1.04889
0.852692
1.08872
1.0231
0.593173
1.51976
0.825624
0.783495
1.80818
1.13035
1.81404
1.4685
1.0489
0.186465
1.65403
1.31417
1.32232
1.01313
0.655413
1.51183
0.745685
1.14247
0.502028
0.191253
0.630818
1.15929
1.68694
1.48377
0.884748
1.05212
1.13512
1.00008
0.799987
1.51271
0.700624
1.21581
1.29077
0.691842
1.51614
1.49797
0.805432
1.28823
1.45505
1.15818
1.23609
1.33564
1.14911
0.213987
1.30773
0.529836
1.19371
0.790849
0.822302
0.747457
1.04895
1.16229
0.713414
0.0764566
0.122632
1.30837
0.809473
1.11661
0.409718
1.7083
1.0393
0.948662
0.674409
1.05229
0.226435
0.946394
1.18394
1.55995
0.948204
1.63996
0.473604
1.24435
0.342045
1.39861
1.00494
1.38988
1.00556
1.10578
0.786875
0.962443
1.00121
0.850555
1.06963
0.515416
1.34511
0.862792
0.726056
0.954879
0.781037
0.853759
1.59194
0.991071
1.3756
0.294936
1.13271
0.280242
1.40109
0.904417
0.653531
0.815071
1.15388
0.7857
0.52852
1.09338
1.23718
1.84755
1.51473
1.23188
1.33547
0.82712
1.40645
1.23627
0.67925
1.61094
1.10295
0.853032
1.01203
1.0205
0.828991
1.12296
1.3124
0.103219
1.03223
1.24963
1.18663
0.765149
0.340726
1.35062
0.588968
1.05668
1.3373
1.60865
0.874159
1.39023
1.14419
0.722716
0.298176
0.434109
1.11292
1.04642
0.957506
1.19373
1.30923
1.52375
1.48996
0.776793
0.860092
0.644134
1.22341
1.37142
0.689987
0.725088
0.473691
0.640098
1.17569
0.558725
0.949612
0.984975
1.79328
0.899385
1.40851
0.828843
0.932911
1.09507
1.67838
1.25223
1.76016
0.933828
1.08542
0.862766
1.0756
1.44818
1.62976
1.33482
0.851429
1.53395
0.952821
1.36752
1.60859
1.37015
1.51534
1.41647
1.15868
1.35924
1.45078
1.51735
0.394043
0.91249
1.6473
1.30628
1.46382
1.06177
0.580803
1.53325
1.16465
1.66679
0.562649
1.11202
0.893858
1.29956
0.217232
1.20614
0.315007
0.704712
1.54585
1.19967
0.606715
0.605043
1.19617
1.56951
1.0921
1.49115
1.01075
1.17643
0.878703
0.272889
1.14004
0.961069
1.07615
0.77364
1.70231
1.72686
1.05713
1.32726
1.24719
0.815053
0.632096
0.597824
0.730703
0.809996
0.732091
0.860887
0.456489
1.60604
0.170847
1.27256
1.88666
0.483444
1.67532
1.04063
1.8984
0.57005
0.957254
1.19335
1.20478
0.813623
0.637793
0.997536
0.660939
0.796982
0.567035
1.46869
1.12477
0.485608
0.956312
1.02587
0.332497
0.773333
1.60313
0.714298
0.869768
1.006
0.913548
1.27433
0.281903
1.7371
0.900776
0.941386
1.51486
1.47335
1.33975
0.963307
1.19422
1.04155
0.626088
1.30977
0.972986
1.10166
1.76981
0.996059
0.64855
1.24386
1.49723
1.037
0.816997
1.10177
1.45329
1.13842
0.753534
0.246589
0.29733
0.250468
1.00862
1.36466
1.19571
0.875995
1.58723
0.761284
0.557527
1.55277
1.71969
1.28169
0.893847
0.124537
0.574647
0.545848
0.231014
0.969596
0.975827
0.526096
0.887674
0.853215
0.291351
1.58937
0.719686
0.724449
1.57171
1.68425
0.544968
0.490478
0.165046
1.53236
1.33728
0.623172
0.170593
0.541697
0.923041
0.956001
0.742041
1.37424
1.04205
0.963334
0.753956
1.41314
1.36341
1.04655
0.77664
1.35247
0.389519
1.3827
1.13947
0.474247
1.03004
0.206982
1.66287
1.79499
0.580464
1.29125
1.4998
0.855718
1.01592
0.998167
0.600359
0.931024
1.15006
1.06438
0.679763
1.25157
0.568804
1.03357
1.36324
1.31894
0.657101
1.0875
0.813245
0.9394
0.540526
0.522435
0.454982
1.80928
1.26324
0.579678
0.845264
0.804333
0.811602
1.41275
0.443467
0.153318
1.53433
1.463
0.922539
1.01117
1.22302
1.36468
1.15359
0.111337
0.283543
0.571684
0.604585
1.15547
0.705643
1.39182
1.07423
0.29874
1.57271
1.57534
1.15292
0.942341
1.66361
1.086
0.802585
1.6411
0.802299
1.14795
0.420688
0.53771
1.47027
0.560158
1.05978
1.86247
1.39661
0.426303
0.849177
1.3599
0.399104
1.45589
1.12898
0.642888
1.35168
0.80227
1.39258
0.635847
0.609727
0.859407
0.915727
1.29905
1.10904
1.32856
0.618394
1.01508
0.755249
1.25672
1.56301
1.28396
1.9176
0.491481
1.79998
0.85617
0.506036
1.17029
0.521569
1.76157
1.20936
0.920133
0.180946
0.610159
0.944884
0.277225
0.252079
1.27671
0.533595
0.654346
1.53876
1.50973
0.94804
0.32446
0.485512
1.49481
1.13344
0.164213
1.08237
0.830632
1.69497
0.977017
1.17931
0.84396
0.564348
1.13049
1.23519
1.23335
0.306874
0.586831
1.53456
1.15621
1.51477
0.185209
0.985722
1.41885
1.03618
1.73285
0.935694
1.09059
1.81201
0.89
1.72323
1.30295
1.66786
0.932612
0.580172
1.64109
1.57769
1.63354
1.42481
0.798336
0.744964
1.08987
0.592139
1.25702
0.7467
1.08343
1.58047
1.04945
0.82856
1.07205
0.989267
1.23699
0.948695
0.11575
0.41507
0.72793
1.0896
0.803927
0.374669
1.57842
0.798912
0.937814
0.796917
0.870258
1.32037
1.07189
0.490799
0.875877
0.581574
1.27323
0.667669
0.88933
0.275463
1.11579
1.16898
0.474366
0.694948
1.55958
0.327079
1.05589
1.17982
1.31641
1.08379
1.02578
0.641579
0.778642
1.84079
1.14032
0.557416
0.694735
0.344358
0.926467
1.65225
1.01257
1.28058
0.84689
1.24723
1.21627
0.615221
1.30808
0.651749
1.27708
0.43975
1.09083
0.563937
0.90648
0.503829
0.924171
0.600664
1.51572
1.61205
0.349134
1.56837
1.64294
0.129345
1.7168
1.26194
1.48241
1.15613
1.20631
0.531758
1.29437
1.56724
1.72826
0.336724
0.996373
1.05729
0.498866
1.67614
1.04591
1.15175
0.518589
0.532909
1.23334
0.874555
0.902512
0.744513
1.68193
0.413695
1.13563
0.821792
1.12782
1.3579
1.25253
0.59675
0.779777
0.447517
0.857704
1.54299
0.495696
0.913335
1.2539
1.00821
1.06094
1.26529
0.68948
0.787952
1.80977
1.7815
0.821453
0.483045
1.05239
1.22357
0.634088
0.662282
1.53315
1.13915
1.28894
0.935942
1.60014
0.873672
0.917354
0.93846
0.681795
1.07475
1.83295
1.25352
0.766645
0.42345
1.80246
1.14607
1.30986
0.89795
0.975516
1.38509
0.795362
1.26099
1.11604
1.72663
1.36945
0.735251
0.574979
1.00409
1.07979
0.501711
1.18673
1.58638
1.63101
0.815618
1.0023
0.613275
0.657535
1.34115
1.12115
0.177671
0.653017
1.48063
0.785124
1.74401
1.49571
0.568654
1.28542
0.537428
0.990636
1.50512
1.48581
0.494534
0.803683
0.609655
1.04907
0.814947
1.49841
0.797853
1.72138
1.31843
1.21261
0.91301
0.123301
0.440947
1.3485
1.45246
0.827913
1.56339
0.181905
0.279809
0.86316
1.49754
0.790121
1.22815
1.16536
1.2497
0.547011
1.08366
1.04336
1.18868
1.47833
1.39505
1.49947
1.60756
0.598775
0.825804
0.589
1.68014
0.78677
1.26454
1.30896
0.466367
0.874999
0.589068
1.02032
0.679826
1.37981
0.987681
0.726053
1.54275
0.181099
1.44846
1.09072
0.93979
0.940442
0.864864
1.29286
1.31437
0.28609
0.184552
1.01722
0.52334
0.603758
0.97666
1.44402
0.682772
1.35062
1.32054
1.07752
0.424122
1.04778
1.81971
1.82018
1.42377
1.14288
0.142201
0.888459
0.947345
0.382426
0.514297
0.883299
0.588177
0.546289
0.747491
1.31946
0.845686
0.980612
0.713682
0.449378
0.793965
1.82236
1.05294
0.90226
0.943958
1.82651
0.632954
0.788294
1.06269
0.976927
0.499502
1.3182
1.69555
0.593539
0.768943
1.25381
0.930251
0.671432
0.437498
1.07891
1.0783
0.478333
0.0386293
1.18257
0.696515
1.03128
1.32186
1.0677
1.63916
1.01735
0.238873
1.1803
1.15346
1.39849
0.908469
1.23383
0.344833
1.31225
1.61614
1.6113
1.15953
0.477668
0.970304
0.068021
0.469047
0.423341
0.847261
1.41209
0.795912
1.31303
0.683212
0.580747
1.12204
0.342765
1.22239
1.09615
0.699629
0.386007
0.434572
1.12595
1.03659
0.83592
1.79923
1.77443
0.897702
1.6069
0.209848
1.06427
0.943477
0.561906
1.41222
0.621243
1.81996
0.701938
0.985147
1.01347
1.57137
1.06237
0.993794
1.57509
1.00371
0.689517
0.589813
0.919753
0.263114
1.76224
0.259206
0.650396
1.63728
0.876934
1.74589
1.02088
0.600205
0.614371
1.06331
0.265563
0.846031
1.27398
0.355928
1.8793
1.02863
0.829754
1.22549
0.416114
0.708206
0.643615
1.052
0.294063
0.374726
1.3161
0.676238
1.46535
1.08909
1.47568
0.354109
0.475169
1.31155
1.655
1.37631
0.230164
1.13108
0.781123
0.835274
0.907757
0.876519
1.50367
1.24907
1.2161
0.716257
1.16255
0.962676
1.0826
0.595191
1.15578
0.75355
0.959878
0.99966
1.27999
1.80246
1.21592
0.67154
1.28793
1.00462
0.952223
0.58638
0.90143
1.17978
1.42793
1.14159
1.51202
1.20144
1.45535
0.595883
1.46483
0.632492
1.07604
0.170771
0.982335
0.742149
0.756889
1.14917
0.40473
1.64143
1.62459
1.23174
0.235038
0.583215
1.12605
0.880422
1.06821
0.791705
0.706276
1.04261
0.803661
1.38122
0.448188
1.44621
0.678216
1.26428
0.520695
1.64703
0.926949
1.03744
0.692891
0.909737
0.346498
1.08523
1.4148
1.15071
0.8622
1.23834
0.899107
1.48678
1.44392
1.23584
1.35053
0.880876
1.24624
0.989785
1.93368
1.10582
0.95379
1.06365
1.36492
1.5833
0.972559
1.18677
0.212354
1.471
0.971155
1.3305
1.01758
0.629378
1.22626
0.710991
0.612708
0.943482
1.51615
1.49945
0.971255
1.29813
0.257524
1.1127
0.221927
0.909389
1.29434
0.830641
0.79896
1.56335
0.823201
0.1929
1.88427
1.15783
0.434575
0.833469
0.204428
0.759898
0.811913
0.702147
0.870442
1.27631
0.259422
0.767584
0.924416
1.7688
1.09395
0.977137
1.56811
1.3623
1.16442
1.29631
1.00378
1.11528
1.09039
0.577427
1.35027
1.1954
0.318669
1.0592
1.02504
1.25024
1.45937
0.395968
1.0074
1.01662
0.793968
1.2192
1.34816
1.6753
0.777411
0.852305
0.198064
1.17077
1.42944
1.72566
1.192
0.365282
1.00315
0.610264
0.431138
0.966543
0.596965
1.06867
0.168865
0.336924
0.872902
0.644432
0.969069
1.67541
1.72169
1.05571
0.845039
1.46726
1.19244
0.453542
1.09901
0.759149
1.64145
0.343704
0.405541
1.14987
1.42531
0.585627
0.376893
1.29767
0.727677
0.77872
0.765216
1.54016
1.29562
0.434536
1.58629
0.089077
0.439164
0.740312
0.968418
0.579814
1.20607
0.636654
1.00371
0.48434
1.27892
0.515101
0.555147
1.55702
0.679733
1.01037
0.394799
0.734826
0.954941
0.66794
0.883594
1.22354
1.04178
0.637335
1.22147
1.28567
1.21417
0.710993
1.10774
0.822054
0.937646
0.767134
0.551044
0.628717
1.05937
1.13637
1.68365
0.404123
0.85396
0.567851
0.856133
1.12069
0.434383
1.21054
1.70135
0.98066
1.55087
1.47859
1.15591
1.78894
1.42995
1.48825
0.750374
1.66091
1.06579
1.63658
0.950342
1.42184
0.491045
1.39048
0.233848
0.392367
0.989508
1.34678
1.9794
0.927411
1.27271
0.276819
0.421063
1.41303
0.421973
1.51448
0.105285
1.36573
1.48341
0.945001
0.864996
1.73312
1.343
0.861926
1.38624
1.46901
1.26324
1.84633
0.846277
1.12152
0.287182
0.826338
1.73731
0.723725
1.75928
0.937318
1.93508
0.162764
0.683932
1.29783
0.956959
1.27981
1.42563
0.880163
0.458876
0.979486
0.773758
1.10918
1.28428
0.485313
1.20349
1.21339
1.33965
1.02072
0.563488
0.320928
1.01422
1.66047
1.24498
1.23216
1.00466
0.948598
0.479447
1.41432
1.50307
1.14406
0.717991
0.501934
0.677074
1.19246
1.1862
1.06787
1.60013
1.19958
1.03029
1.25463
0.314413
1.05489
0.890489
0.31182
1.31602
1.10566
1.0549
0.982523
1.14288
0.603193
1.07527
1.47185
1.6782
1.13095
0.95648
1.14481
1.21552
1.19939
1.19468
1.52392
1.00613
1.30026
1.0022
0.699878
1.53481
1.34218
1.25673
0.572087
0.899406
0.408809
1.42751
1.00366
1.13887
1.04733
0.18899
0.701382
1.47966
1.64471
1.20702
1.93317
1.07153
1.93122
1.04632
0.667359
0.327282
0.565056
1.451
1.11872
1.09357
0.825916
1.189
1.26029
0.905978
0.12147
0.787772
1.25986
1.37859
1.36845
1.73821
0.464184
0.285777
1.3984
0.670508
0.162612
1.7928
1.1362
1.35291
1.0483
1.25192
1.95858
1.28102
0.845627
0.902551
1.57763
0.749322
0.596447
1.00568
1.38897
1.21061
0.459308
0.34784
1.1328
1.14448
1.33827
1.71343
1.6796
0.486338
1.33271
0.789734
0.510921
0.788412
0.489548
0.552944
0.598604
0.471632
1.13224
1.77472
1.26395
1.30676
0.860017
0.678142
0.746578
0.721949
1.0591
1.21812
0.976962
0.916665
1.8266
1.7874
1.8288
1.73906
0.873621
0.599059
0.70246
1.87763
1.05372
0.736758
0.200065
0.945977
1.0752
0.694809
0.515743
1.12105
0.622815
0.233571
1.15195
0.937126
1.07445
1.29133
1.50284
1.29294
1.36195
1.47302
0.664267
1.1744
1.34121
1.20913
1.08809
0.620189
1.00922
0.599848
0.988035
0.546174
0.430587
1.14371
1.72519
0.89216
0.417137
1.11008
0.503394
0.765056
1.38692
1.37699
0.415274
0.873575
1.47237
0.513805
0.662078
0.89107
0.776383
0.61469
1.79275
1.70044
0.799914
1.14113
1.38029
1.26273
0.0677482
1.16672
0.867135
0.829501
1.19211
0.844591
0.590825
0.910453
0.683256
1.0927
0.72737
1.02777
1.33635
0.812967
1.02896
0.562896
0.745463
0.496061
1.17469
0.844214
1.42812
1.18568
0.634577
1.30004
1.07283
0.969525
1.43586
0.852497
0.732901
0.803227
0.853896
0.632148
1.17641
0.149646
1.85623
1.06821
0.654343
1.77615
0.938337
1.07653
1.83822
1.90813
1.59411
0.629929
0.375074
0.760094
1.57242
1.54221
0.670395
1.14664
0.185168
1.03621
0.727647
1.13005
0.236668
0.984891
0.861968
1.33488
1.40538
0.816315
0.866636
0.897846
0.591427
1.70805
0.921214
0.651866
1.05495
0.33382
0.845946
0.814613
0.977293
0.157533
0.73387
0.751821
0.936692
0.689611
0.933009
1.20885
1.86522
1.26029
0.375193
1.50997
0.653048
1.20209
0.879579
1.02181
0.616147
0.88198
1.52645
1.39689
1.46159
0.186572
0.804736
1.46003
0.780133
0.990644
1.15646
1.08841
0.201478
0.98478
0.829288
1.32111
1.13026
1.93518
0.915654
0.246847
1.27263
1.27722
1.06617
0.699463
1.58348
1.36275
1.37922
0.3246
0.74688
1.11223
1.2709
0.828517
0.830998
1.15772
1.38766
1.20817
0.676668
0.435457
1.05148
1.19507
0.986554
0.670232
0.456852
1.24796
0.463948
1.12328
0.353279
1.16416
0.243308
0.290384
0.380114
0.577222
0.371793
1.00284
1.29417
0.759259
0.934267
1.07055
0.786042
0.731045
0.59914
1.00636
0.818571
0.953225
0.460424
0.695006
1.29326
1.30699
0.871264
1.58985
1.05926
0.834454
1.00029
0.329799
1.15047
0.610452
1.09651
1.30144
1.64052
0.696662
1.5567
1.14429
1.35305
1.485
1.32424
1.34242
1.31213
1.0157
0.0900306
0.52016
1.90917
0.91063
0.543876
1.83671
1.2212
0.0853834
0.668859
0.917172
1.5891
0.812882
0.767514
0.453767
1.11028
1.13935
0.844019
0.589763
1.18911
1.02032
0.636319
0.854801
0.343737
0.134639
1.16244
1.07429
0.973177
0.781769
1.59434
0.592188
1.69853
0.706771
0.40888
1.28599
0.406351
0.842335
1.29224
0.936714
1.37713
0.741172
1.2593
0.41442
0.137626
0.635155
1.23673
0.495733
0.964539
0.547762
0.97503
0.894826
1.36703
0.718447
0.909471
1.5103
0.370835
0.480364
0.547498
0.553407
0.106496
0.870501
1.29547
1.03286
0.834516
0.514817
1.39005
0.802145
0.832173
1.08876
1.09195
1.1124
0.481805
0.605624
0.764465
1.45175
0.929474
1.52266
0.883988
1.72662
1.1527
1.54581
0.866743
0.413974
0.605222
1.10109
1.18788
0.913282
1.21538
1.09565
1.86982
0.857861
0.495409
0.409081
0.403351
1.50443
1.0735
1.44163
0.947275
0.8977
0.714126
1.81274
1.62679
1.23292
1.2147
0.99903
1.34317
0.464409
1.80218
1.3699
1.58826
0.756027
1.471
1.17254
1.15082
0.626522
1.33735
1.72808
1.02143
0.287717
0.536925
1.22514
1.33843
0.434797
0.855034
0.235713
1.28271
0.886239
1.11735
0.831459
0.69864
0.722088
0.668537
0.949365
1.4379
1.02053
0.56281
1.31791
0.889921
1.23375
1.7245
1.09161
1.14743
0.874524
1.10163
0.922246
0.910286
1.29671
1.04836
0.961422
1.08411
0.68675
1.34771
0.99553
1.13338
1.76242
0.156745
1.35342
1.58087
0.297034
1.00331
1.13403
0.276806
0.902692
0.838994
1.36674
0.733901
0.669982
0.137592
0.537689
1.152
0.578993
1.63015
0.73598
1.82541
1.77801
0.430968
1.92321
1.48269
1.45086
1.44031
0.755479
0.32806
1.5319
0.85619
1.34317
0.476174
1.61909
0.700045
0.219001
1.34218
0.5474
0.957611
1.48955
1.17729
1.01656
0.99593
1.28193
1.06748
1.10709
0.864414
0.635733
1.42192
0.816179
0.981585
1.21045
1.36629
0.487777
1.61988
1.22633
0.397106
1.23321
0.622985
0.185497
1.31464
0.814483
1.29357
1.35349
0.337902
1.9724
0.452412
1.05695
0.875168
1.55091
0.95738
1.8243
0.930006
1.04787
1.14117
1.58102
0.648843
1.412
0.989226
1.57402
1.74422
0.840802
1.32373
0.871562
0.832473
0.689841
1.02033
1.29893
0.396206
1.0809
0.967803
0.702593
1.17452
0.869803
0.98372
0.825038
1.19214
0.701725
1.04273
1.36616
0.846198
0.835326
0.508585
0.701825
1.22687
1.79279
0.544158
1.45814
0.917488
1.30868
0.410376
1.23405
1.25694
0.821374
1.46027
1.59933
0.700225
0.845014
1.39195
1.10859
0.544114
1.57156
0.954812
0.637718
1.53702
1.18364
0.0259411
1.64714
1.64757
1.54566
1.16408
1.1571
0.230692
0.321672
0.18665
0.935426
1.33244
1.19249
0.79643
0.662022
0.603239
1.14844
0.828247
1.62577
1.02318
0.748859
1.06441
1.22092
0.705979
0.178077
1.08125
0.703653
0.678867
0.467946
0.925535
1.09179
1.40004
0.730001
1.19316
0.588853
1.34917
0.683017
0.543436
0.631263
1.15218
1.52971
0.757205
0.784301
1.1523
0.412211
1.45817
0.932649
1.39836
1.28049
1.18131
1.333
0.60011
1.52158
0.651276
1.52828
0.465545
0.699603
0.941292
1.05386
0.45902
0.4714
1.25102
0.687351
0.270436
1.93709
1.05662
0.341261
0.996395
1.83724
1.4833
0.956775
1.19546
0.922035
0.743521
1.13775
1.82091
0.957979
1.13766
0.818586
0.805713
1.00801
0.20456
1.16662
1.02687
1.68092
1.0789
1.03059
0.990128
0.968692
1.01314
0.874333
0.683562
0.790317
1.26234
0.513551
1.08118
0.833412
1.45926
1.43433
1.04987
0.757907
1.64789
0.683418
1.23984
0.830689
0.465507
0.851538
0.977414
1.40209
1.28484
0.669959
1.04992
1.35335
0.942842
1.04146
1.44687
1.1313
0.917395
0.917689
1.2276
0.892352
1.1888
1.35605
0.976652
0.939514
0.843541
1.4949
0.48608
0.818065
1.54155
1.81463
1.38575
0.927212
0.387644
0.548247
1.33673
1.53723
0.913032
1.03739
0.680029
1.01738
0.574921
0.388212
0.825113
0.952586
0.990936
1.23442
1.79189
0.514349
1.24207
1.73948
0.992217
1.30159
0.622273
0.46051
1.21778
0.810036
1.67397
1.63397
0.99143
0.835114
1.0301
0.445551
1.35874
1.51921
1.32214
0.927154
0.643543
0.915869
0.954313
1.81745
0.906513
1.45846
1.14296
1.37834
1.38562
1.32623
0.392361
1.0318
0.708731
1.10704
0.67932
0.962568
0.873178
1.02509
1.0914
0.917511
0.58019
1.72256
0.413832
0.904256
1.41689
0.739704
0.818492
0.327851
0.117667
1.02439
0.583429
1.01285
0.777578
0.656049
0.432952
0.433801
0.980932
0.505155
0.38946
0.740073
1.70291
0.236075
0.765813
1.19221
0.870256
1.43855
1.67384
0.810176
0.587302
0.606056
1.69529
1.19341
0.633528
1.32799
0.720501
1.06222
1.16291
0.940521
0.795886
1.38611
1.93403
0.202092
1.14438
0.980273
0.870299
1.05789
1.35193
0.19438
1.60574
1.45008
1.10791
0.480971
0.921586
1.37866
0.670611
1.51057
0.860185
1.24399
0.674758
0.556559
1.11816
1.30936
0.826907
1.59122
1.74196
0.297628
0.81698
0.898645
1.46438
1.02598
1.28012
0.526182
0.525659
1.29922
0.75529
1.27227
0.656828
0.894477
1.30933
0.46364
0.791805
0.971211
0.829975
1.64846
1.45512
0.795911
1.67933
1.30598
0.869026
0.887063
1.00237
1.56496
0.45844
1.27094
1.09435
0.927925
1.07353
1.36273
1.3524
1.07832
0.590799
0.829414
0.660824
0.654878
0.499595
0.404768
1.29089
1.5025
1.47042
0.743895
1.05496
1.78934
1.09693
1.30433
0.535714
1.21959
1.24072
0.507158
0.783944
1.21318
1.10457
1.60289
1.73573
1.35797
1.13993
0.50469
1.7113
0.476903
1.38507
0.717737
0.852404
0.420799
1.00166
0.816242
1.44832
1.37702
1.27838
0.139408
1.2628
1.39278
1.22494
1.48682
0.455487
0.900729
0.138767
0.524008
1.19821
1.45732
0.657446
0.872614
0.721602
1.29504
1.02156
0.671857
0.937291
1.36371
0.975645
0.863264
0.411788
1.19918
0.690297
0.372096
0.912132
1.30056
0.174229
1.21533
0.224456
0.617337
0.488807
0.690485
0.91131
1.31873
1.49031
1.46005
0.695913
0.802402
1.7517
1.89549
0.87548
1.24637
0.637474
1.66096
1.09235
1.79386
0.784748
0.449934
0.782159
1.4377
1.42895
1.42261
0.909453
0.9588
1.32835
0.77108
1.40444
0.896585
1.13845
0.773329
0.113173
0.426335
0.540049
0.844926
1.41237
1.24079
1.39135
1.14382
0.115954
1.32701
0.639768
1.10978
1.22964
1.17845
1.7467
1.63058
1.18988
1.19606
0.778567
0.812585
1.21993
0.889157
1.30186
1.36181
0.694354
1.29342
1.0486
1.06806
1.50374
1.24943
0.665517
1.7387
1.18171
0.961499
0.885877
1.17761
0.644334
1.29663
1.065
0.730476
0.822899
1.20628
1.06796
1.11837
1.47234
1.4953
1.02295
0.745403
1.54068
1.41611
1.47562
1.80286
1.52169
0.923944
0.766656
1.03845
1.38855
1.17021
0.32153
1.40557
1.70695
1.06392
0.37389
1.55251
0.561239
0.943555
1.19216
0.407222
1.35708
1.88781
0.757881
1.12062
1.4323
1.71997
0.862675
1.14332
0.595958
0.916654
0.498486
1.09627
1.59909
0.495871
1.25165
0.590857
1.20167
0.67021
1.24719
0.502616
0.249823
0.74077
1.59974
1.10961
0.807028
0.461432
0.994168
1.66675
0.672227
1.72179
0.647416
1.1591
0.778669
1.18854
1.10075
1.09219
1.6652
1.06572
0.783324
0.608132
0.94684
0.967782
1.19579
0.351622
1.43088
1.13802
1.39659
1.08257
0.913587
0.224562
0.258059
0.859605
1.25778
1.31701
1.00573
1.61798
0.881411
1.28228
1.30836
1.14177
0.516102
0.690889
0.634967
0.578149
0.792609
0.828994
0.844562
0.621896
1.14316
0.873172
0.512381
0.518974
0.610905
1.23283
1.42115
1.70986
1.38731
1.80975
0.754897
0.98202
1.24341
0.65173
1.77269
1.47448
1.79464
1.26369
1.01656
0.656374
0.841046
0.468249
1.4105
0.867617
1.24666
1.1148
0.391256
0.88052
0.964278
0.628801
0.983385
1.19099
1.47884
1.51318
0.619902
1.46117
1.75304
1.45683
0.870786
1.12017
0.0605219
0.619668
0.397524
0.639245
1.03556
0.979432
0.911793
0.814596
1.85585
0.284193
1.12132
1.20536
1.05434
1.30292
1.48227
1.50876
0.418769
1.81859
0.684377
0.794975
0.636198
0.915363
1.19667
0.97573
1.14314
0.968224
0.825724
1.12106
0.691586
0.560987
1.95969
0.55548
1.84566
1.01219
1.82449
0.939223
1.19232
0.879603
0.88428
1.0025
1.12568
0.945268
1.06208
1.07144
0.31068
0.759906
0.48481
0.894642
0.927852
1.93774
1.43122
0.958377
1.03236
0.164243
1.25876
0.765077
1.80564
1.32927
0.499412
0.364713
1.66166
0.693209
0.815916
1.33771
0.828363
1.23685
0.603772
0.871723
0.824807
0.703447
1.07242
0.836735
0.717712
1.2572
1.78753
0.934603
0.385902
0.83189
0.344332
1.07844
1.28428
0.937954
1.18723
1.15033
0.507496
1.12101
1.31879
1.20501
1.17757
0.440226
0.892586
0.555319
0.485989
1.15111
0.994389
1.54549
0.837564
1.10554
0.257256
1.4767
0.633294
0.957472
0.693145
1.1756
1.22589
1.376
1.17015
1.33787
1.3623
0.859643
1.30064
0.407802
1.38498
1.32393
1.46678
0.993368
1.75733
1.33641
0.433292
1.12219
1.34434
1.53497
1.29147
1.02753
0.703002
0.743654
0.510759
1.28385
0.313125
0.604302
0.558563
1.27197
0.741404
0.604293
0.422952
0.8515
1.34325
0.828901
1.67842
0.828872
0.603666
0.560111
0.773931
1.27845
0.919996
1.04048
1.39207
1.5429
1.09988
1.01529
0.626754
0.849159
1.51858
1.25744
0.619642
0.55976
0.453874
0.391303
0.580788
1.00449
1.40664
0.934397
0.605871
1.25543
0.59624
0.828781
1.04879
1.79959
1.24264
1.24417
0.670546
0.779915
1.48998
0.430805
1.32308
0.987402
0.912933
0.393638
0.699531
1.4479
1.11087
1.52753
1.152
1.47245
0.84373
1.49995
1.26324
1.70766
1.34762
0.831295
1.31989
1.06573
0.410461
0.887857
1.35426
1.10739
0.92317
1.66997
0.747286
0.871482
0.793373
1.70736
1.37498
1.75117
1.72674
1.5311
0.88017
0.789649
0.403593
1.95253
0.913534
0.446337
0.528443
0.910549
1.16544
0.8202
0.893062
0.723193
1.16178
0.992334
0.658094
0.958506
1.8697
0.363431
1.41396
0.815925
1.28479
1.40709
0.625716
0.659959
0.75901
0.386154
1.0731
0.959726
1.54953
0.286566
1.052
1.00299
0.643988
0.782951
1.27702
1.40032
0.827532
0.442608
0.942358
1.30564
1.32522
0.899257
0.81773
1.07918
1.06706
0.894676
1.35268
0.832748
0.784145
0.594306
0.936414
0.598464
0.970118
0.820351
1.2028
0.176792
0.805781
0.419783
0.968952
0.377988
1.68643
1.30621
1.0551
0.375574
1.26151
1.0656
0.555442
0.994811
1.31395
0.976867
0.722398
1.21876
0.905878
0.992765
1.17294
0.672678
0.592978
0.400428
0.811037
0.92977
0.824906
1.16214
1.762
0.919281
1.23247
1.01519
1.27545
1.23233
1.13524
0.647158
0.988855
0.155127
0.266818
0.619136
1.44607
1.17198
0.770013
1.02024
0.816904
1.13858
1.05189
0.887418
0.351581
0.491633
0.629422
0.920827
1.28111
0.752038
1.32772
0.954746
0.993085
1.58803
0.745755
0.847009
0.569835
1.86212
1.37422
0.963304
0.924572
0.89933
1.1966
0.909393
0.228087
1.02117
0.178128
0.785654
0.642661
1.41567
0.782595
1.83502
0.88914
0.263118
0.828744
1.07144
0.764827
0.377955
0.321539
0.998517
0.825038
1.43767
0.926547
0.842341
0.125707
1.626
0.238471
1.21387
0.935084
0.602548
1.68908
0.635116
0.13604
0.735515
1.33178
0.459161
1.41026
1.24193
1.56395
0.857662
0.512868
1.38211
0.886932
1.05523
0.435384
0.461307
0.770161
0.949469
0.504698
1.13154
1.40457
0.57161
1.33119
1.41848
1.40102
0.60303
1.10311
1.41521
1.3236
0.618929
1.42227
0.88035
0.928425
0.962769
1.60009
0.114502
0.51453
1.5275
1.12366
1.46443
1.10059
1.33384
0.593772
1.08681
1.20373
0.901949
0.813903
1.73326
0.797588
1.03496
1.57164
1.46194
0.314122
0.421223
0.967673
0.348327
0.098634
0.779385
0.821217
1.02272
1.11325
1.16594
0.524321
1.90252
1.21859
0.381598
1.14157
1.24959
0.504702
0.766774
0.884603
1.073
0.63576
1.39817
0.561846
1.88949
0.827797
0.717397
0.967322
0.950943
1.40156
0.815688
1.10405
0.853027
1.15457
0.415198
1.58457
0.490922
1.30355
0.975438
0.945626
1.02986
0.54049
1.6978
0.592038
1.4609
1.00261
1.1609
0.818054
0.726728
0.979511
0.432217
1.41072
0.859868
0.768556
1.66915
1.23665
1.61998
0.213205
0.902201
1.28119
0.901468
0.587184
0.631836
1.10301
1.03125
0.647943
0.991581
1.29463
1.45129
1.27331
0.790509
1.43678
1.40019
1.77231
1.4238
1.91953
1.1731
1.4707
0.889282
1.13507
0.662201
0.8906
0.980636
1.03314
1.12511
0.850019
0.654808
0.472202
0.302218
0.195922
1.31838
0.702342
1.75294
1.67738
1.06435
0.482886
1.42042
0.487299
1.42545
1.30701
0.893399
0.249664
1.86396
1.45511
0.427846
1.41949
0.624319
1.205
0.166492
0.439781
0.888931
0.651847
0.482267
0.578168
0.839325
1.68841
1.00191
0.781238
1.69657
0.427057
0.837647
1.63304
0.956404
0.772222
0.138979
1.64645
1.01431
0.467533
0.860717
1.22428
1.2418
1.38051
1.46116
0.656747
0.72559
1.37785
1.30545
0.516922
1.16552
1.27819
0.638764
0.791977
1.002
0.905397
0.939971
1.425
0.681612
0.367971
0.890934
0.435377
0.862609
1.245
1.15744
1.11816
1.18067
1.0396
0.347879
1.37285
1.21983
0.587747
1.4966
1.58742
0.969538
1.60166
0.537183
0.452567
0.283417
0.173408
1.12558
1.12118
0.973048
0.943552
1.64032
1.08393
1.17181
0.328383
1.57234
1.10343
1.72136
1.75263
1.49421
0.484052
0.322554
1.02741
1.30424
1.51397
0.863808
1.51984
0.861724
0.624765
0.341228
0.753314
1.1522
1.23165
1.11526
1.11395
1.8934
0.415798
0.829461
0.650756
1.3244
1.26772
0.166903
1.76354
0.774936
1.28904
0.82585
0.684943
0.789494
1.60111
0.476611
0.743959
0.81517
1.54429
0.684901
0.900636
0.782183
1.90972
0.806633
1.85828
0.788864
1.1569
1.1595
0.608996
0.235757
0.885879
0.504779
1.51624
0.706258
1.61795
0.505946
0.852245
1.37457
1.27907
0.443053
1.1429
1.25392
0.925796
1.31934
1.34641
0.715412
0.945192
1.10635
1.7772
1.09157
0.823734
0.7671
0.729696
0.378235
1.20676
0.897065
1.70263
0.397744
1.53762
0.811262
0.870851
1.43519
0.811478
0.615322
0.344501
1.56018
0.770761
1.24006
0.64032
1.02261
0.951567
0.552533
0.419768
1.36947
0.503468
1.211
0.844459
0.732147
1.52822
1.09403
1.44367
1.45524
1.04522
0.881167
1.04254
0.85879
0.680583
1.31629
0.531361
0.805043
0.658241
0.662384
1.28964
0.254265
1.03289
0.507611
1.77309
1.16129
1.15944
1.58327
0.237392
0.827379
0.871733
1.01948
0.9564
1.24037
0.834285
1.1321
0.732073
0.752483
1.5001
1.61971
1.36174
0.351584
1.60437
1.76404
1.09529
1.38873
1.06431
0.942221
0.716697
0.490686
1.40917
0.969734
1.0791
1.44134
0.143686
1.51882
0.759277
0.698795
0.74889
1.18761
0.731332
0.711909
0.623544
1.02457
1.31036
1.44334
1.40332
1.45232
0.556314
1.23187
0.50397
1.05435
1.16766
0.597457
0.961122
0.954282
1.12777
1.11606
1.07162
0.0640116
0.964048
0.636351
0.39571
0.922802
0.937582
0.194419
1.41314
1.56029
1.09135
0.373491
0.199608
0.763133
1.16185
1.18196
1.36162
0.893874
1.41616
0.906816
1.64335
1.63701
0.667637
0.649535
1.20288
0.359913
0.34878
0.830618
1.68714
0.993125
1.09429
0.880987
0.893501
1.11702
1.60266
0.420611
1.67391
1.47421
0.27131
1.74528
0.772073
0.948425
1.55101
0.28954
0.708862
1.10561
0.723272
0.358316
0.329012
0.748276
0.911246
1.07982
1.38621
1.57258
0.590601
0.375278
1.85622
1.02034
0.696266
1.56953
1.15387
0.779934
0.994027
0.98784
0.456029
0.92401
1.01164
1.48936
0.967655
0.339492
1.35853
1.0945
0.900889
1.8206
1.60336
0.125913
0.564499
0.393834
0.896533
1.68064
1.75233
0.555608
0.0956945
0.626397
1.46469
0.737082
0.67316
1.15835
1.71941
0.86191
1.02065
1.00378
0.50407
0.994864
0.348996
1.3386
1.39117
1.85627
1.34539
1.09555
1.39183
0.96614
0.0684407
0.344399
0.757298
0.863388
1.2994
1.08666
1.50758
1.8056
0.963907
0.782109
0.724603
1.87863
0.934998
1.10323
1.74173
0.461397
1.42044
0.558982
1.4886
0.557411
1.03588
0.825027
1.09513
0.685528
0.333421
0.690612
0.87778
0.118937
1.72174
0.644313
1.57124
0.137527
1.20756
1.03469
0.977641
0.763998
1.10636
0.475412
0.896041
1.13744
0.775311
0.71466
0.998047
1.03486
0.324839
0.650622
1.07721
0.324846
1.50232
1.27544
1.15099
0.300479
1.62324
0.478266
1.84579
0.930986
0.732397
0.677875
1.28798
1.03763
1.33305
1.16555
0.490679
0.714373
0.779109
1.50797
1.93594
1.22851
1.65753
1.04369
1.10385
1.67951
0.959745
0.856885
0.737157
1.61466
0.841054
0.68588
1.35477
0.928911
1.31264
0.488601
1.55059
0.935618
0.0271297
1.03678
0.808446
1.51895
0.666814
1.66789
0.457321
0.631202
0.568832
1.33248
1.20529
1.62439
0.966565
1.08588
0.790857
0.806229
1.2208
1.42054
1.36658
0.578346
1.42661
1.33252
1.62746
1.78641
0.370436
1.16065
1.15482
1.20552
0.725886
1.73118
1.08974
0.787671
1.52352
0.751948
0.432097
1.05877
1.23614
1.15122
1.65144
1.4457
0.526863
1.26992
0.343384
0.729622
0.547253
0.739406
0.988904
0.52053
0.580029
0.836398
1.30992
1.03507
0.944058
0.854954
1.21504
0.747537
1.23225
0.643652
1.15081
1.54324
1.05457
0.971482
0.810506
0.86311
0.428407
0.799638
0.882626
0.288833
1.16228
0.669265
0.544546
1.24469
0.30952
1.269
1.32131
1.17821
1.6127
1.277
0.0787016
1.29692
1.73743
0.527434
0.611918
1.13854
0.644771
1.15476
0.773642
1.06893
1.28937
1.61877
1.32236
0.855623
1.15058
0.771885
1.83457
1.59967
1.15788
1.41021
0.954486
0.940146
0.811616
0.790353
1.60095
1.04897
1.03224
0.548004
0.554669
1.19351
0.590689
0.97848
0.857013
1.48103
1.41287
1.27633
1.04547
1.56733
0.786573
1.11587
1.3165
0.754304
0.52924
1.10272
0.497408
0.944171
0.823134
0.928992
1.10794
1.28742
0.212566
1.54201
0.872886
0.942092
0.265804
0.402741
1.34984
0.57614
1.20446
0.859145
0.874798
1.21489
1.29012
0.728949
0.685253
1.03441
1.21536
1.24569
1.05384
1.05056
1.70172
1.59725
0.890925
0.870399
1.08947
1.0766
0.512726
1.18159
1.08015
1.28358
1.07853
1.02339
1.17154
0.632164
0.925141
0.645166
0.325611
0.422045
0.475995
1.27508
0.892993
0.387023
1.16614
1.58923
0.861528
0.561396
0.485028
1.20018
1.11836
0.812331
0.749889
0.455081
1.20629
0.85585
0.833245
0.710263
1.19477
0.571124
1.31634
1.72684
0.662187
1.88415
1.62968
0.601108
0.616686
1.34404
0.64826
0.0996807
0.452762
0.993182
0.915561
0.853414
0.763725
0.902921
1.31902
0.853236
1.07897
0.960415
1.26139
1.27466
1.27593
1.72359
1.19236
1.10229
1.20551
0.640226
1.05927
1.0803
1.16485
1.40277
1.14009
0.339084
1.49261
0.784225
0.539219
1.23296
1.30751
0.96579
0.798404
1.2702
1.27384
1.19434
0.885023
1.10907
0.936377
1.35491
0.875462
0.158647
0.516157
1.67204
0.287716
0.925813
0.662508
1.46691
0.77106
0.840451
0.752236
0.882642
1.1387
0.445375
1.11965
0.990302
0.266873
0.843028
0.589288
1.1234
1.35681
0.265833
1.37392
1.5049
0.392267
0.715188
0.131646
1.0573
0.634664
1.03497
0.470631
1.67574
0.579923
0.810792
1.39918
1.05145
1.08425
1.04512
1.85391
1.15502
0.525968
1.21697
1.49763
0.631719
1.41376
1.3544
0.437416
1.2077
0.570982
0.734743
0.339168
1.15981
1.20673
0.614697
1.79685
1.13075
0.868991
1.37121
1.03251
0.524718
0.810265
0.481201
0.460863
0.636001
1.81205
0.771756
0.970644
0.688463
0.450308
0.905973
0.286944
0.405298
1.0189
0.681432
1.47663
1.53611
1.43023
0.987963
1.22949
0.575446
1.11159
1.22714
0.699907
1.44084
0.849445
0.721532
0.663138
0.0497868
1.58683
1.26563
0.298945
0.301657
1.64566
1.66564
1.60059
1.11201
0.579473
0.341854
0.940228
1.42758
1.23685
0.304379
1.4064
0.593971
1.30984
0.333404
1.01608
1.04959
1.91494
0.642794
1.04358
0.898126
1.06709
0.334168
0.672913
0.271211
0.627682
1.62617
1.25478
0.802423
1.16763
1.11341
1.76376
0.694867
0.654644
1.06774
1.68867
0.738538
1.27935
0.329554
1.14149
1.42758
0.992483
0.305637
1.34333
1.40682
1.53573
0.923148
1.10705
1.29613
0.995296
1.3832
1.2556
1.08227
1.68393
1.44654
1.23136
1.08395
1.20549
1.27084
1.10347
1.52541
1.31339
1.2021
0.0881405
0.478052
0.8735
0.959202
0.959073
0.976117
1.17662
1.6865
1.12852
0.379647
1.42281
1.08559
1.41811
0.945841
1.0461
0.978406
0.635234
1.59678
0.533427
0.191192
0.969454
1.33567
1.18404
0.915416
0.93232
0.872148
1.58107
0.212133
0.526227
0.403195
0.24236
0.512195
0.290416
1.60843
0.304144
1.181
1.28882
0.458215
0.924833
1.45565
1.05466
0.873861
0.869763
0.638189
1.65647
1.08627
0.580851
0.280594
0.813584
0.967843
1.22293
1.45141
1.03225
0.359168
0.900608
0.598133
0.588672
1.4349
1.10536
0.534832
0.821737
1.01964
1.02203
1.69799
0.908813
1.33538
0.532882
1.2371
1.11029
0.323687
0.849975
0.860324
1.27757
0.698194
1.55927
0.3697
0.684578
0.641787
0.368733
0.474099
1.33626
0.499773
1.06572
1.25574
1.20362
0.638252
0.530669
0.60738
0.749476
0.957582
1.90516
0.541703
1.45955
0.506089
1.40516
1.13234
1.35972
0.351702
1.3798
1.33199
0.817803
0.960396
0.754216
1.57503
1.78388
1.3807
1.13032
1.48221
0.564863
1.00585
1.39667
1.59333
0.610686
0.767796
0.42705
0.410965
1.48184
1.0251
0.597608
1.32942
1.36226
0.241652
0.786992
0.786701
1.68754
0.80239
1.3023
0.92831
0.857169
1.01903
0.870066
1.46512
0.730811
0.67485
0.207686
1.01401
1.75644
1.59509
1.27939
0.995313
1.08032
0.898385
1.12647
1.33413
0.373083
1.07843
0.392028
0.76002
1.25229
1.60473
1.00581
1.01222
1.08074
1.5426
1.317
0.939966
0.559195
0.873238
1.53599
1.13096
0.910159
1.41695
1.48584
1.43178
0.799865
1.88571
0.93583
0.913959
1.40243
1.28616
0.293748
1.23672
0.365
1.19632
1.21483
0.557656
0.912103
1.38619
0.463894
1.16296
1.00547
0.950589
0.992915
1.17981
1.11014
0.483796
0.664357
0.628326
1.25251
0.785989
1.77905
0.98591
1.49047
1.56256
0.516635
0.749541
1.23663
0.51633
0.907686
0.734291
1.34861
1.11027
1.60899
1.04622
0.287933
0.895637
0.839679
1.31774
1.66025
0.728517
1.32369
1.30715
1.08807
1.11648
0.860418
0.63015
1.41506
1.23869
1.08659
1.69058
1.07442
1.50206
1.02761
0.714765
1.26067
1.49748
0.383826
1.527
0.676059
1.27477
0.738818
1.37637
0.700901
1.19507
1.40538
1.36905
1.41325
1.32605
0.760279
1.63521
0.455903
0.456571
0.987424
1.39158
0.93323
0.906532
1.63706
0.869258
0.917896
0.587459
0.605551
0.217393
1.20664
0.593321
1.31779
1.463
0.720747
0.845629
0.671072
1.02597
1.17579
1.53161
0.718525
1.58664
1.64416
1.4932
0.642439
1.05354
1.55422
0.113121
0.160874
1.31985
0.982241
0.934489
0.730159
1.50021
0.840985
1.15423
1.41575
0.47182
1.25704
0.72513
1.15246
1.02739
1.38283
0.296512
1.0971
0.360357
1.15871
1.30036
1.343
0.258763
1.68146
1.24204
1.0967
0.872125
0.411387
0.503992
0.653932
0.575074
1.42981
0.770802
1.06689
0.954043
0.597278
1.87549
1.35065
0.695061
0.688326
1.53782
0.220228
1.04626
1.38932
1.47232
0.79893
1.13362
1.80746
0.884872
0.756764
0.64958
1.19979
1.59957
1.05148
1.26614
0.511295
0.576516
0.325459
1.50554
1.76541
0.634972
1.04759
0.715375
0.297985
0.616208
0.544564
0.51313
1.4161
0.869449
0.829453
0.495157
0.885333
1.19865
1.11432
1.54852
1.09573
1.44308
0.469778
0.440915
0.436593
1.53674
0.698038
1.15697
0.738445
1.56359
1.1325
0.532899
0.35195
0.290213
1.05478
0.220238
1.02478
1.86382
0.588888
0.532974
1.12872
1.10884
1.36847
0.404644
1.09206
1.3958
1.31239
1.01894
0.993243
0.893179
1.01836
1.80927
0.735794
0.517617
0.986089
1.03499
1.43511
0.604494
1.15768
0.797391
1.16413
1.45459
0.630243
0.881633
0.721728
1.34666
0.488158
0.925538
0.818423
0.831646
0.971837
1.00716
1.08783
0.219774
1.40255
1.29054
1.68176
0.830512
0.921828
1.26532
0.35273
0.33626
0.780929
1.02209
0.521773
0.271762
0.705242
1.21217
1.28164
0.783944
0.747494
1.20388
1.03973
0.830526
1.29631
1.28022
1.88928
0.427889
0.902596
1.12987
1.33159
0.896644
0.904105
0.995603
0.846056
1.62645
1.49873
1.34261
0.742074
0.838507
1.62766
0.468282
0.832041
1.15016
0.103805
0.729402
1.85755
1.29391
0.914368
0.608572
1.3853
0.69126
1.11467
1.3977
0.490196
0.880546
1.01247
1.65404
1.15064
0.152812
0.986773
1.05291
0.518917
1.72047
0.715194
1.48744
1.62213
0.68625
1.08957
1.33941
0.913714
1.26714
0.705123
1.19923
1.28371
0.686142
1.18058
1.45932
0.569917
0.915611
1.4381
0.997977
1.53068
0.852662
0.0989548
0.950863
0.648999
1.31993
1.08988
1.71011
1.57954
0.836898
0.859979
0.708268
1.16005
1.09177
0.788539
1.16323
0.581244
0.480656
0.438487
0.986448
1.08963
0.61173
1.83009
0.504872
1.32218
1.69182
1.45068
1.25151
1.38335
0.824753
0.96398
1.21694
0.713205
1.34025
1.01092
1.47758
1.38131
1.21026
1.37112
1.01649
1.10752
1.61778
0.536099
1.12035
0.805776
0.964575
1.65771
1.16164
1.35809
1.19298
0.541205
1.39773
1.07969
0.702646
0.238409
1.33131
1.2109
0.846357
0.884152
1.02717
1.2443
0.826336
0.771212
0.41411
1.40947
0.427738
1.26619
0.68247
1.5779
0.894925
1.08341
1.79498
1.06479
1.0461
0.970772
1.71712
1.22559
1.26632
1.09964
0.91382
1.33063
0.735182
1.65532
0.382533
0.847274
0.585709
1.33707
1.43045
1.17911
1.30861
0.926369
1.71883
1.40276
0.720817
0.571721
1.32877
1.0473
1.39952
1.28779
1.87492
1.79484
0.914684
0.397477
0.997881
1.35796
0.834715
0.567897
0.595157
1.03504
1.03775
0.876438
1.36676
0.559959
0.975423
1.23146
1.5727
1.15791
0.428102
0.841541
1.22635
0.534421
1.35377
1.63476
1.59278
0.435378
0.539568
1.27189
0.70678
0.928845
0.899807
1.03102
0.959608
1.0516
1.18581
1.04661
0.980957
0.949712
1.3003
1.27032
0.653058
1.34655
1.38122
1.30745
1.49815
1.40852
1.11516
1.01278
0.809806
0.201071
1.18749
0.717626
0.833112
1.73221
0.516011
1.0361
0.249931
0.582162
0.505913
1.06947
1.05987
1.22543
1.17004
1.09561
0.795001
0.524701
1.19864
0.913045
0.602151
0.0463174
1.26933
1.33749
1.1656
0.9116
0.244848
1.77679
1.60969
0.767064
1.35858
1.25386
0.148377
1.28015
1.28337
0.884556
0.400354
0.532265
1.66243
1.15514
1.03666
1.76343
0.745758
0.294584
0.962962
0.707282
0.435453
0.984977
1.38284
0.872123
0.92956
1.01225
0.995332
0.659788
1.28581
1.0411
1.38513
0.383164
1.51042
1.41562
1.71928
0.316013
1.42892
0.434854
1.34963
1.21434
1.04324
1.09788
0.323883
1.48294
1.13915
0.570723
0.771801
1.4129
0.401982
0.882012
1.60587
